# File generated by CMD 2.8 (http://stev.oapd.inaf.it/cmd) on Sat Mar 19 14:45:28 CET 2016
# isochrones PARSEC release v1.2S + COLIBRI release PR16
# Basic references: Bressan et al. (2012), MNRAS, 427, 127 + Chen et al. (2014, 2015), MNRAS, 444, 2525 + MNRAS, 452, 1068 + Tang et al. (2014), MNRAS, 445, 4287 + Rosenfield et al. (2016, arXiv:1603.05283)
# Photometric system: HST/WFC3 UVIS channel, chip 2 (final throughputs)
# Attention: photometry includes extinction of Av=0.124
# Using OBC version of bolometric corrections as detailed in Marigo et al. (2008, A&A 482, 883) and Girardi et al. (2008, PASP 120, 583)
# BCs of Carbon stars derive from Aringer et al. (2009, A&A 503, 913)
# O-rich circumstellar dust ignored
# C-rich circumstellar dust ignored
# IMF: Chabrier (2001) lognormal 
# On RGB, assumed Reimers mass loss with efficiency eta=0.2
# Kind of output: isochrone tables
#	Isochrone  Z = 0.00400	Y = 0.25600	[M/H] = -0.583	eta_R = 0.200	Age = 	1.1000e+01 yr
#	Includes interstellar extinction of Av = 0.1240 mag
#      Z	log(age/yr)	M_ini   	M_act	logL/Lo	logTe	logG	mbol    F200LP2 F218W2  F225W2  F275W2  F336W2  F350LP2 F390W2  F438W2  F475W2  F555W2  F600LP2 F606W2  F625W2  F775W2  F814W2  F850LP2	C/O	M_hec	period	pmode	logMdot	slope	int_IMF	stage
	0.004000	1.0414	0.0900000036	0.0900	-0.2769	3.4903	2.5822	5.462	8.532	17.105	16.119	16.802	13.221	8.310	12.609	12.647	11.887	11.046	7.060	9.989	9.599	7.153	6.562	5.392	0.4787	0.0000	0.4	1	-18.038	0.000	1.4676543474	0
	0.004000	1.0414	0.1000000015	0.1000	-0.1611	3.4956	2.5336	5.173	8.153	16.703	15.745	16.390	12.797	7.931	12.138	12.126	11.356	10.552	6.686	9.540	9.159	6.759	6.183	5.038	0.4787	0.0000	0.5	1	-17.993	0.000	1.5704020262	0
	0.004000	1.0414	0.1199999973	0.1200	0.0360	3.5085	2.4670	4.680	7.361	15.837	14.989	15.479	11.867	7.140	11.092	10.958	10.169	9.414	5.917	8.477	8.111	5.922	5.415	4.376	0.4787	0.0000	0.6	1	-17.913	0.000	1.7478251457	0
	0.004000	1.0414	0.1400000006	0.1400	0.2297	3.5228	2.3975	4.196	6.496	14.878	14.178	14.459	10.830	6.276	9.925	9.653	8.848	8.122	5.085	7.250	6.899	5.002	4.589	3.694	0.4787	0.0000	0.7	1	-17.847	0.000	1.8958495855	0
	0.004000	1.0414	0.1599999964	0.1600	0.3927	3.5367	2.3483	3.788	5.727	14.015	13.474	13.535	9.918	5.509	8.946	8.526	7.696	6.974	4.367	6.183	5.844	4.227	3.906	3.165	0.4787	0.0000	0.8	1	-17.789	0.000	2.0211524963	0
	0.004000	1.0414	0.2000000030	0.2000	0.6813	3.5591	2.2462	3.067	4.473	12.573	12.349	12.190	8.371	4.260	7.335	6.721	5.905	5.193	3.216	4.536	4.215	3.038	2.836	2.312	0.4787	0.0000	1.0	1	-17.692	0.000	2.2217822075	0
	0.004000	1.0414	0.2500000000	0.2500	0.9395	3.5771	2.1570	2.421	3.483	11.402	11.473	11.274	7.078	3.273	6.033	5.330	4.580	3.889	2.318	3.330	3.022	2.164	2.016	1.619	0.4787	0.0000	1.2	1	-17.578	0.000	2.4080901146	0
	0.004000	1.0414	0.3000000119	0.3000	1.1372	3.5878	2.0813	1.927	2.913	10.757	10.904	10.496	6.292	2.705	5.345	4.662	3.920	3.255	1.778	2.724	2.427	1.632	1.495	1.128	0.4787	0.0000	1.4	1	-16.642	0.000	2.5475041866	0
	0.004000	1.0414	0.3499999940	0.3500	1.2878	3.5954	2.0278	1.551	2.483	10.274	10.476	9.919	5.706	2.276	4.829	4.162	3.426	2.779	1.369	2.268	1.979	1.227	1.099	0.753	0.4787	0.0000	1.6	1	-15.850	0.000	2.6555202007	0
	0.004000	1.0414	0.4000000060	0.4000	1.4238	3.6004	1.9700	1.211	2.106	9.863	10.096	9.440	5.233	1.900	4.401	3.742	3.007	2.373	1.006	1.875	1.592	0.868	0.745	0.413	0.4787	0.0000	1.8	1	-15.165	0.000	2.7413372993	0
	0.004000	1.0414	0.4499999881	0.4500	1.5341	3.6045	1.9273	0.935	1.806	9.530	9.729	8.928	4.853	1.600	4.059	3.412	2.681	2.057	0.716	1.568	1.289	0.579	0.459	0.134	0.4787	0.0000	2.0	1	-14.561	0.000	2.8109800816	0
	0.004000	1.0414	0.5000000000	0.5000	1.6383	3.6073	1.8800	0.674	1.529	9.232	9.410	8.516	4.528	1.323	3.757	3.117	2.386	1.769	0.445	1.285	1.010	0.310	0.192	-0.129	0.4787	0.0000	2.3	1	-14.021	0.000	2.8684780598	0
	0.004000	1.0414	0.5500000119	0.5500	1.7211	3.6100	1.8493	0.467	1.305	8.988	9.147	8.157	4.252	1.100	3.506	2.874	2.146	1.535	0.228	1.057	0.785	0.094	-0.022	-0.339	0.4787	0.0000	2.5	1	-13.532	0.000	2.9166350365	0
	0.004000	1.0414	0.6000000238	0.6000	1.7974	3.6121	1.8192	0.276	1.102	8.768	8.914	7.851	4.010	0.897	3.282	2.656	1.929	1.324	0.029	0.850	0.581	-0.104	-0.219	-0.531	0.4787	0.0000	2.6	1	-13.086	0.000	2.9573988914	0
	0.004000	1.0414	0.6499999762	0.6500	1.8870	3.6126	1.7663	0.053	0.875	8.543	8.689	7.624	3.792	0.671	3.060	2.432	1.701	1.095	-0.196	0.622	0.353	-0.330	-0.444	-0.756	0.4787	0.0000	3.0	1	-12.677	0.000	2.9923686981	0
	0.004000	1.0414	0.6999999881	0.7000	1.9476	3.6142	1.7444	-0.099	0.714	8.369	8.506	7.383	3.600	0.509	2.883	2.259	1.529	0.927	-0.354	0.458	0.191	-0.487	-0.600	-0.909	0.4787	0.0000	3.1	1	-12.297	0.000	3.0225379467	0
	0.004000	1.0414	0.7500000000	0.7500	2.3691	3.5953	1.2773	-1.153	-0.209	7.670	7.834	7.534	3.339	-0.417	2.307	1.575	0.756	0.089	-1.331	-0.432	-0.721	-1.472	-1.599	-1.945	0.4787	0.0000	7.2	1	-11.977	0.000	3.0487992764	0
	0.004000	1.0414	0.8000000119	0.8000	2.4194	3.5962	1.2584	-1.278	-0.342	7.534	7.704	7.397	3.196	-0.549	2.169	1.437	0.617	-0.048	-1.461	-0.567	-0.856	-1.602	-1.728	-2.072	0.4787	0.0000	7.5	1	-11.673	0.000	3.0718705654	0
	0.004000	1.0414	0.8500000238	0.8500	2.4676	3.5969	1.2393	-1.399	-0.467	7.405	7.580	7.269	3.064	-0.675	2.039	1.307	0.486	-0.178	-1.585	-0.696	-0.983	-1.725	-1.851	-2.193	0.4787	0.0000	7.6	1	-11.569	0.000	3.0922229290	0
	0.004000	1.0414	0.8999999762	0.9000	2.5177	3.5971	1.2148	-1.524	-0.594	7.281	7.455	7.151	2.945	-0.802	1.917	1.183	0.359	-0.306	-1.711	-0.823	-1.111	-1.852	-1.977	-2.319	0.4787	0.0000	8.0	1	-11.801	0.000	3.1102609634	0
	0.004000	1.0414	0.9499999881	0.9500	2.5675	3.5970	1.1881	-1.649	-0.717	7.162	7.334	7.042	2.838	-0.925	1.802	1.064	0.237	-0.429	-1.836	-0.946	-1.234	-1.976	-2.101	-2.443	0.4787	0.0000	8.6	1	-12.297	0.000	3.1263561249	0
	0.004000	1.0414	1.0000000000	1.0000	2.6030	3.5978	1.1782	-1.737	-0.813	7.061	7.240	6.938	2.728	-1.020	1.698	0.962	0.134	-0.529	-1.929	-1.045	-1.332	-2.069	-2.193	-2.533	0.4787	0.0000	8.8	1	-12.861	0.000	3.1408040524	0
	0.004000	1.0414	1.0499999523	1.0500	2.6457	3.5978	1.1567	-1.844	-0.920	6.957	7.135	6.841	2.632	-1.127	1.597	0.859	0.029	-0.636	-2.036	-1.152	-1.438	-2.175	-2.300	-2.640	0.4787	0.0000	9.3	1	-13.357	0.000	3.1538088322	0
	0.004000	1.0414	1.1000000238	1.1000	2.6807	3.5982	1.1434	-1.932	-1.010	6.866	7.046	6.752	2.540	-1.217	1.506	0.767	-0.064	-0.728	-2.125	-1.243	-1.530	-2.265	-2.389	-2.728	0.4787	0.0000	9.6	1	-13.737	0.000	3.1655414104	0
	0.004000	1.0414	1.1499999762	1.1500	2.7211	3.5980	1.1216	-2.033	-1.109	6.771	6.948	6.667	2.457	-1.317	1.415	0.673	-0.161	-0.826	-2.225	-1.342	-1.629	-2.365	-2.489	-2.828	0.4787	0.0000	10.1	1	-14.005	0.000	3.1761763096	0
	0.004000	1.0414	1.2000000477	1.2000	2.7522	3.5984	1.1105	-2.110	-1.190	6.689	6.869	6.585	2.372	-1.397	1.332	0.590	-0.245	-0.909	-2.305	-1.424	-1.710	-2.444	-2.568	-2.907	0.4787	0.0000	10.4	1	-14.189	0.000	3.1858570576	0
	0.004000	1.0414	1.2500000000	1.2500	2.7838	3.5986	1.0974	-2.189	-1.270	6.609	6.789	6.508	2.294	-1.478	1.253	0.510	-0.326	-0.990	-2.385	-1.505	-1.791	-2.524	-2.648	-2.986	0.4787	0.0000	10.7	1	-14.316	0.000	3.1947042942	0
	0.004000	1.0414	1.2999999523	1.3000	2.8240	3.5980	1.0721	-2.290	-1.366	6.521	6.695	6.433	2.224	-1.574	1.171	0.424	-0.416	-1.082	-2.483	-1.599	-1.886	-2.622	-2.747	-3.086	0.4787	0.0000	11.3	1	-14.405	0.000	3.2028071880	0
	0.004000	1.0414	1.3500000238	1.3500	2.8546	3.5981	1.0580	-2.367	-1.443	6.446	6.619	6.362	2.153	-1.651	1.097	0.349	-0.493	-1.160	-2.560	-1.677	-1.964	-2.699	-2.824	-3.163	0.4787	0.0000	11.7	1	-14.471	0.000	3.2102327347	0
	0.004000	1.0414	1.3999999762	1.4000	2.8776	3.5986	1.0530	-2.424	-1.505	6.380	6.558	6.295	2.081	-1.712	1.030	0.282	-0.559	-1.225	-2.620	-1.740	-2.027	-2.759	-2.883	-3.221	0.4787	0.0000	12.0	1	-14.524	0.000	3.2170591354	0
	0.004000	1.0414	1.4500000477	1.4500	2.9077	3.5984	1.0374	-2.499	-1.578	6.310	6.485	6.232	2.020	-1.786	0.963	0.213	-0.631	-1.297	-2.695	-1.814	-2.100	-2.834	-2.958	-3.296	0.4787	0.0000	12.4	1	-14.567	0.000	3.2233536243	0
	0.004000	1.0414	1.5000000000	1.5000	2.9355	3.5984	1.0244	-2.569	-1.648	6.243	6.417	6.169	1.957	-1.855	0.897	0.146	-0.699	-1.366	-2.764	-1.883	-2.169	-2.903	-3.027	-3.365	0.4787	0.0000	12.8	1	-14.604	0.000	3.2291738987	0
	0.004000	1.0414	1.5499999523	1.5500	2.9620	3.5984	1.0120	-2.635	-1.714	6.179	6.351	6.109	1.897	-1.922	0.834	0.082	-0.765	-1.432	-2.831	-1.949	-2.236	-2.970	-3.094	-3.432	0.4787	0.0000	12.8	1	-14.638	0.000	3.2345697880	0
	0.004000	1.0414	1.6000000238	1.6000	2.9831	3.5988	1.0062	-2.688	-1.770	6.121	6.297	6.051	1.836	-1.977	0.775	0.023	-0.824	-1.490	-2.885	-2.006	-2.292	-3.024	-3.148	-3.485	0.4787	0.0000	13.0	1	-14.670	0.000	3.2395837307	0
	0.004000	1.0414	1.6499999762	1.6500	3.0116	3.5985	0.9899	-2.759	-1.838	6.057	6.229	5.994	1.784	-2.046	0.715	-0.039	-0.889	-1.557	-2.955	-2.074	-2.361	-3.094	-3.218	-3.556	0.4787	0.0000	13.5	1	-14.698	0.000	3.2442421913	0
	0.004000	1.0414	1.7000000477	1.7000	3.0314	3.5988	0.9843	-2.809	-1.890	6.004	6.177	5.941	1.728	-2.098	0.661	-0.093	-0.943	-1.611	-3.006	-2.127	-2.413	-3.145	-3.269	-3.606	0.4787	0.0000	13.7	1	-14.726	0.000	3.2485761642	0
	0.004000	1.0414	1.7500000000	1.7500	3.0625	3.5982	0.9632	-2.886	-1.962	5.940	6.105	5.888	1.684	-2.170	0.605	-0.154	-1.008	-1.678	-3.081	-2.197	-2.484	-3.220	-3.344	-3.683	0.4787	0.0000	14.3	1	-14.752	0.000	3.2526168823	0
	0.004000	1.0414	1.7999999523	1.8000	3.0769	3.5988	0.9634	-2.922	-2.003	5.895	6.065	5.839	1.629	-2.211	0.556	-0.201	-1.054	-1.723	-3.120	-2.240	-2.526	-3.259	-3.383	-3.720	0.4787	0.0000	14.4	1	-14.778	0.000	3.2563917637	0
	0.004000	1.0414	1.8500000238	1.8500	3.1059	3.5982	0.9440	-2.995	-2.070	5.835	5.998	5.790	1.587	-2.278	0.503	-0.258	-1.115	-1.786	-3.189	-2.306	-2.593	-3.329	-3.453	-3.792	0.4787	0.0000	15.0	1	-14.802	0.000	3.2599251270	0
	0.004000	1.0414	1.8999999762	1.9000	3.1240	3.5984	0.9382	-3.040	-2.117	5.789	5.952	5.744	1.540	-2.325	0.456	-0.305	-1.162	-1.834	-3.236	-2.353	-2.640	-3.375	-3.499	-3.837	0.4787	0.0000	15.3	1	-14.826	0.000	3.2632381916	0
	0.004000	1.0414	1.9500000477	1.9500	3.1478	3.5980	0.9241	-3.100	-2.173	5.738	5.896	5.699	1.501	-2.381	0.409	-0.354	-1.214	-1.887	-3.293	-2.408	-2.696	-3.433	-3.557	-3.897	0.4787	0.0000	15.8	1	-14.848	0.000	3.2663500309	0
	0.004000	1.0414	2.0000000000	2.0000	3.1662	3.5981	0.9171	-3.145	-2.220	5.691	5.850	5.655	1.456	-2.428	0.363	-0.400	-1.261	-1.934	-3.340	-2.455	-2.742	-3.479	-3.604	-3.943	0.4787	0.0000	16.1	1	-14.871	0.000	3.2692775726	0
	0.004000	1.0414	2.0499999523	2.0500	3.1833	3.5982	0.9114	-3.188	-2.264	5.647	5.806	5.612	1.412	-2.472	0.319	-0.445	-1.306	-1.979	-3.384	-2.500	-2.787	-3.523	-3.647	-3.986	0.4787	0.0000	16.3	1	-14.893	0.000	3.2720313072	0
	0.004000	1.0414	2.0999999046	2.1000	3.2039	3.5981	0.9006	-3.240	-2.314	5.601	5.757	5.570	1.373	-2.522	0.275	-0.490	-1.354	-2.028	-3.434	-2.549	-2.836	-3.573	-3.698	-4.037	0.4787	0.0000	16.7	1	-14.915	0.000	3.2746226788	0
	0.004000	1.0414	2.1500000954	2.1500	3.2201	3.5982	0.8952	-3.280	-2.355	5.559	5.716	5.529	1.331	-2.564	0.233	-0.532	-1.396	-2.070	-3.476	-2.591	-2.878	-3.615	-3.739	-4.078	0.4787	0.0000	17.0	1	-14.936	0.000	3.2770648003	0
	0.004000	1.0414	2.2000000477	2.2000	3.2387	3.5981	0.8862	-3.327	-2.401	5.516	5.671	5.489	1.293	-2.609	0.192	-0.575	-1.440	-2.115	-3.522	-2.636	-2.924	-3.661	-3.785	-4.125	0.4787	0.0000	17.4	1	-14.956	0.000	3.2793695927	0
	0.004000	1.0414	2.2500000000	2.2500	3.2589	3.5978	0.8746	-3.377	-2.449	5.472	5.623	5.450	1.259	-2.657	0.152	-0.617	-1.485	-2.161	-3.571	-2.683	-2.971	-3.710	-3.835	-4.175	0.4787	0.0000	17.8	1	-14.975	0.000	3.2815473080	0
	0.004000	1.0414	2.2999999523	2.3000	3.2778	3.5976	0.8644	-3.425	-2.494	5.430	5.577	5.412	1.224	-2.703	0.112	-0.658	-1.528	-2.205	-3.617	-2.728	-3.017	-3.756	-3.882	-4.222	0.4787	0.0000	18.3	1	-14.994	0.000	3.2836077213	0
	0.004000	1.0414	2.3499999046	2.3500	3.2954	3.5975	0.8557	-3.469	-2.537	5.389	5.535	5.375	1.189	-2.746	0.074	-0.698	-1.569	-2.247	-3.660	-2.771	-3.060	-3.800	-3.925	-4.266	0.4787	0.0000	18.6	1	-15.013	0.000	3.2855594158	0
	0.004000	1.0414	2.4000000954	2.4000	3.3066	3.5980	0.8555	-3.496	-2.569	5.354	5.504	5.339	1.148	-2.777	0.037	-0.734	-1.604	-2.281	-3.691	-2.804	-3.092	-3.830	-3.955	-4.295	0.4787	0.0000	18.7	1	-15.033	0.000	3.2874104977	0
	0.004000	1.0414	2.5999999046	2.6000	3.3691	3.5977	0.8269	-3.653	-2.723	5.207	5.351	5.201	1.016	-2.931	-0.105	-0.880	-1.754	-2.433	-3.846	-2.957	-3.246	-3.985	-4.110	-4.451	0.4787	0.0000	24.7	1	-15.101	0.000	3.2939352989	0
	0.004000	1.0414	2.7999999523	2.8000	3.4252	3.5976	0.8023	-3.793	-2.862	5.074	5.213	5.077	0.896	-3.070	-0.234	-1.012	-1.890	-2.570	-3.986	-3.096	-3.385	-4.125	-4.250	-4.591	0.4787	0.0000	26.2	1	-15.163	0.000	3.2992820740	0
	0.004000	1.0414	3.0000000000	3.0000	3.4781	3.5974	0.7786	-3.925	-2.992	4.949	5.084	4.960	0.784	-3.201	-0.354	-1.135	-2.017	-2.699	-4.117	-3.226	-3.515	-4.257	-4.382	-4.724	0.4787	0.0000	27.8	1	-13.516	0.000	3.3037204742	0
	0.004000	1.0414	3.2000000477	3.2000	3.5281	3.5972	0.7557	-4.050	-3.115	4.832	4.962	4.851	0.681	-3.323	-0.466	-1.250	-2.136	-2.820	-4.241	-3.348	-3.637	-4.381	-4.507	-4.849	0.4787	0.0000	29.4	1	-13.488	0.000	3.3074507713	0
	0.004000	1.0414	3.4000000954	3.4000	3.5718	3.5972	0.7384	-4.160	-3.224	4.725	4.853	4.750	0.582	-3.433	-0.570	-1.356	-2.244	-2.929	-4.351	-3.457	-3.747	-4.490	-4.616	-4.958	0.4787	0.0000	30.7	1	-13.461	0.000	3.3106060028	0
	0.004000	1.0414	3.5999999046	3.6000	3.6155	3.5970	0.7187	-4.269	-3.331	4.624	4.747	4.655	0.491	-3.540	-0.667	-1.456	-2.347	-3.034	-4.459	-3.564	-3.854	-4.599	-4.725	-5.067	0.4787	0.0000	32.2	1	-13.436	0.000	3.3132953644	0
	0.004000	1.0414	3.7999999523	3.8000	3.6614	3.5965	0.6942	-4.383	-3.441	4.522	4.637	4.563	0.408	-3.650	-0.763	-1.556	-2.451	-3.140	-4.571	-3.672	-3.963	-4.711	-4.837	-5.182	0.4787	0.0000	34.1	1	-13.413	0.000	3.3156080246	0
	0.004000	1.0414	4.0000000000	4.0000	3.7021	3.5961	0.6744	-4.485	-3.540	4.429	4.538	4.477	0.328	-3.749	-0.851	-1.647	-2.545	-3.237	-4.671	-3.770	-4.061	-4.811	-4.938	-5.283	0.4787	0.0000	35.7	1	-13.391	0.000	3.3176128864	0
	0.004000	1.0414	4.1999998093	4.2000	3.7390	3.5960	0.6582	-4.578	-3.631	4.342	4.448	4.395	0.250	-3.840	-0.934	-1.733	-2.634	-3.326	-4.763	-3.860	-4.152	-4.903	-5.030	-5.375	0.4787	0.0000	37.2	1	-13.369	0.000	3.3193576336	0
	0.004000	1.0414	4.4000000954	4.4000	3.7720	3.5960	0.6456	-4.660	-3.713	4.261	4.366	4.318	0.174	-3.922	-1.014	-1.813	-2.716	-3.409	-4.845	-3.943	-4.235	-4.986	-5.113	-5.458	0.4787	0.0000	38.5	1	-13.349	0.000	3.3208827972	0
	0.004000	1.0414	4.5999999046	4.6000	3.8071	3.5957	0.6284	-4.748	-3.798	4.182	4.281	4.245	0.108	-4.007	-1.088	-1.890	-2.796	-3.491	-4.931	-4.027	-4.319	-5.072	-5.199	-5.546	0.4787	0.0000	40.1	1	-13.330	0.000	3.3222241402	0
	0.004000	1.0414	4.8000001907	4.8000	3.8384	3.5956	0.6152	-4.826	-3.875	4.108	4.205	4.175	0.041	-4.084	-1.160	-1.964	-2.871	-3.567	-5.009	-4.104	-4.396	-5.150	-5.277	-5.624	0.4787	0.0000	41.4	1	-13.272	0.000	3.3234102726	0
	0.004000	1.0414	5.0000000000	5.0000	3.8638	3.5960	0.6090	-4.889	-3.941	4.040	4.139	4.108	-0.030	-4.151	-1.229	-2.032	-2.941	-3.636	-5.075	-4.172	-4.464	-5.215	-5.342	-5.688	0.4787	0.0000	42.3	1	-13.258	0.000	3.3244650364	0
	0.004000	1.0414	5.1999998093	5.2000	3.8959	3.5956	0.5923	-4.970	-4.018	3.969	4.063	4.043	-0.088	-4.227	-1.295	-2.101	-3.012	-3.710	-5.153	-4.247	-4.540	-5.293	-5.421	-5.768	0.4787	0.0000	44.0	1	-13.166	0.000	3.3254051208	0
	0.004000	1.0414	5.4000000954	5.4000	3.9220	3.5957	0.5830	-5.035	-4.084	3.904	3.997	3.981	-0.151	-4.294	-1.359	-2.166	-3.079	-3.776	-5.219	-4.313	-4.606	-5.360	-5.487	-5.833	0.4787	0.0000	45.1	1	-13.126	0.000	3.3262448311	0
	0.004000	1.0414	5.5999999046	5.6000	3.9518	3.5953	0.5674	-5.110	-4.155	3.838	3.926	3.921	-0.203	-4.365	-1.420	-2.230	-3.145	-3.844	-5.291	-4.383	-4.676	-5.432	-5.560	-5.907	0.4787	0.0000	46.7	1	-13.040	0.000	3.3269982338	0
	0.004000	1.0414	5.8000001907	5.8000	3.9746	3.5954	0.5605	-5.167	-4.213	3.780	3.869	3.864	-0.261	-4.423	-1.478	-2.288	-3.204	-3.903	-5.349	-4.442	-4.735	-5.490	-5.618	-5.965	0.4787	0.0000	47.7	1	-13.016	0.000	3.3276765347	0
	0.004000	1.0414	6.0000000000	6.0000	4.0036	3.5950	0.5444	-5.239	-4.282	3.718	3.800	3.808	-0.309	-4.491	-1.535	-2.348	-3.267	-3.968	-5.419	-4.509	-4.803	-5.560	-5.688	-6.037	0.4787	0.0000	49.5	1	-12.924	0.000	3.3282895088	0
	0.004000	1.0414	6.1999998093	6.2000	4.0256	3.5951	0.5371	-5.294	-4.337	3.663	3.745	3.754	-0.363	-4.547	-1.590	-2.403	-3.323	-4.025	-5.475	-4.565	-4.859	-5.616	-5.744	-6.092	0.4787	0.0000	50.5	1	-12.896	0.000	3.3288455009	0
	0.004000	1.0414	6.4000000954	6.4000	4.0435	3.5955	0.5346	-5.339	-4.385	3.612	3.698	3.704	-0.419	-4.595	-1.642	-2.455	-3.375	-4.075	-5.522	-4.614	-4.908	-5.663	-5.790	-6.137	0.4787	0.0000	51.2	1	-12.902	0.000	3.3293509483	0
	0.004000	1.0414	6.8829574585	6.8830	4.0993	3.5951	0.5088	-5.478	-4.521	3.484	3.563	3.584	-0.530	-4.731	-1.764	-2.581	-3.505	-4.208	-5.659	-4.749	-5.043	-5.800	-5.928	-6.276	0.4787	0.0000	54.5	1	-12.769	0.000	3.3303933144	0
	0.004000	1.0414	7.0000000000	7.0000	4.1123	3.5950	0.5026	-5.511	-4.553	3.454	3.531	3.556	-0.555	-4.762	-1.792	-2.610	-3.535	-4.238	-5.691	-4.780	-5.074	-5.832	-5.960	-6.309	0.4787	0.0000	55.3	1	-12.736	0.000	3.3306136131	0
	0.004000	1.0414	7.5272402763	7.5272	4.1615	3.5951	0.4855	-5.634	-4.676	3.333	3.408	3.439	-0.670	-4.886	-1.910	-2.730	-3.658	-4.362	-5.815	-4.904	-5.198	-5.956	-6.084	-6.432	0.4787	0.0000	58.0	1	-12.667	0.000	3.3314802647	0
	0.004000	1.0414	8.0000000000	8.0000	4.2036	3.5951	0.4698	-5.739	-4.781	3.231	3.304	3.341	-0.765	-4.991	-2.009	-2.831	-3.761	-4.466	-5.921	-5.009	-5.303	-6.062	-6.190	-6.538	0.4787	0.0000	60.5	1	-12.599	0.000	3.3321142197	0
	0.004000	1.0414	8.0243024826	8.0243	4.2057	3.5951	0.4690	-5.744	-4.787	3.226	3.298	3.336	-0.769	-4.996	-2.014	-2.836	-3.766	-4.472	-5.926	-5.014	-5.309	-6.067	-6.195	-6.543	0.4787	0.0000	60.6	1	-12.595	0.000	3.3321435452	0
	0.004000	1.0414	9.0000000000	9.0000	4.2867	3.5951	0.4378	-5.947	-4.988	3.031	3.098	3.148	-0.950	-5.198	-2.203	-3.029	-3.964	-4.672	-6.129	-5.216	-5.511	-6.270	-6.398	-6.746	0.4787	0.0000	65.8	1	-12.455	0.000	3.3331298828	0
	0.004000	1.0414	9.0279531479	9.0280	4.2889	3.5951	0.4370	-5.952	-4.994	3.026	3.092	3.143	-0.954	-5.203	-2.208	-3.034	-3.969	-4.677	-6.134	-5.221	-5.516	-6.275	-6.403	-6.752	0.4787	0.0000	66.0	1	-12.451	0.000	3.3331534863	0
	0.004000	1.0414	10.0000000000	10.0000	4.3604	3.5951	0.4100	-6.131	-5.172	2.853	2.915	2.976	-1.115	-5.382	-2.376	-3.205	-4.145	-4.854	-6.313	-5.400	-5.695	-6.454	-6.583	-6.931	0.4787	0.0000	70.9	1	-12.332	0.000	3.3338441849	0
	0.004000	1.0414	10.0334930420	10.0335	4.3630	3.5951	0.4088	-6.137	-5.178	2.847	2.908	2.971	-1.120	-5.388	-2.382	-3.211	-4.151	-4.860	-6.319	-5.406	-5.701	-6.461	-6.589	-6.938	0.4787	0.0000	71.1	1	-12.326	0.000	3.3338642120	0
	0.004000	1.0414	11.0000000000	11.0000	4.4334	3.5945	0.3760	-6.314	-5.349	2.687	2.737	2.818	-1.257	-5.559	-2.533	-3.366	-4.313	-5.026	-6.493	-5.575	-5.871	-6.634	-6.763	-7.113	0.4787	0.0000	77.0	1	-12.156	0.000	3.3343617916	0
	0.004000	1.0414	11.0348691940	11.0349	4.4354	3.5945	0.3755	-6.319	-5.354	2.682	2.732	2.813	-1.262	-5.564	-2.538	-3.372	-4.318	-5.031	-6.498	-5.580	-5.876	-6.639	-6.768	-7.118	0.4787	0.0000	77.2	1	-12.155	0.000	3.3343772888	0
	0.004000	1.0414	12.0000000000	12.0000	4.4908	3.5948	0.3577	-6.457	-5.495	2.543	2.593	2.678	-1.397	-5.705	-2.675	-3.510	-4.459	-5.173	-6.638	-5.721	-6.018	-6.780	-6.908	-7.258	0.4787	0.0000	81.3	1	-12.089	0.000	3.3347461224	0
	0.004000	1.0414	14.0000000000	14.0000	4.5959	3.5951	0.3207	-6.720	-5.759	2.285	2.331	2.428	-1.642	-5.969	-2.928	-3.767	-4.722	-5.437	-6.903	-5.986	-6.283	-7.044	-7.173	-7.522	0.4787	0.0000	90.0	1	-11.937	0.000	3.3352642059	0
	0.004000	1.0414	16.0000000000	16.0000	4.6878	3.5953	0.2873	-6.950	-5.990	2.060	2.102	2.212	-1.853	-6.199	-3.147	-3.989	-4.950	-5.667	-7.134	-6.217	-6.514	-7.276	-7.404	-7.753	0.4787	0.0000	98.6	1	-11.795	0.000	3.3355829716	0
	0.004000	1.0414	18.0000000000	18.0000	4.7792	3.5946	0.2444	-7.178	-6.211	1.853	1.879	2.013	-2.031	-6.421	-3.343	-4.192	-5.160	-5.882	-7.359	-6.436	-6.735	-7.501	-7.630	-7.981	0.4787	0.0000	173.3	0	-11.570	0.000	3.3357899189	0
	0.004000	1.0414	20.0000000000	20.0000	4.8412	3.5957	0.2325	-7.333	-6.375	1.684	1.719	1.848	-2.209	-6.585	-3.515	-4.363	-5.332	-6.052	-7.520	-6.604	-6.901	-7.662	-7.790	-8.138	0.4787	0.0000	183.7	0	-11.564	0.000	3.3359301090	0
	0.004000	1.0414	24.0000000000	24.0000	4.9764	3.5952	0.1746	-7.671	-6.708	1.366	1.387	1.544	-2.493	-6.918	-3.819	-4.675	-5.654	-6.379	-7.856	-6.935	-7.233	-7.998	-8.126	-8.476	0.4787	0.0000	223.5	0	-11.280	0.000	3.3360989094	0
	0.004000	1.0414	27.3908596039	27.3909	5.0390	3.5981	0.1812	-7.827	-6.889	1.164	1.213	1.346	-2.737	-7.099	-4.037	-4.887	-5.862	-6.578	-8.030	-7.126	-7.421	-8.170	-8.296	-8.638	0.4787	0.0000	227.8	0	-11.431	0.000	3.3361797333	0
	0.004000	1.0414	28.0000000000	28.0000	5.0499	3.5986	0.1816	-7.855	-6.920	1.130	1.184	1.313	-2.777	-7.130	-4.073	-4.922	-5.897	-6.612	-8.060	-7.158	-7.453	-8.200	-8.325	-8.666	0.4787	0.0000	228.9	0	-11.451	0.000	3.3361907005	0
	0.004000	1.0414	30.0000000000	30.0000	5.1647	3.6186	0.1766	-8.142	-7.339	0.540	0.683	0.106	-3.717	-7.546	-4.774	-5.543	-6.448	-7.109	-8.435	-7.611	-7.887	-8.568	-8.679	-8.984	0.4787	0.0000	236.2	0	-11.468	0.000	3.3362209797	0
	0.004000	1.0414	30.2379112244	30.2379	5.1697	3.6187	0.1755	-8.154	-7.352	0.526	0.669	0.089	-3.732	-7.559	-4.788	-5.557	-6.462	-7.122	-8.448	-7.625	-7.901	-8.581	-8.692	-8.997	0.4787	0.0000	237.3	0	-11.466	0.000	3.3362240791	0
	0.004000	1.0414	35.0000000000	35.0000	5.2635	3.6207	0.1536	-8.389	-7.600	0.265	0.415	-0.231	-4.021	-7.806	-5.057	-5.820	-6.720	-7.376	-8.692	-7.875	-8.150	-8.824	-8.933	-9.235	0.4787	0.0000	261.0	0	-11.418	0.000	3.3362710476	0
	0.004000	1.0414	40.0000000000	40.0000	5.3488	3.6227	0.1342	-8.602	-7.826	0.026	0.183	-0.528	-4.288	-8.032	-5.305	-6.061	-6.957	-7.609	-8.914	-8.104	-8.377	-9.045	-9.154	-9.453	0.4787	0.0000	284.2	0	-11.379	0.000	3.3362998962	0
	0.004000	1.0414	45.0000000000	45.0000	5.4166	3.6252	0.1275	-8.772	-8.011	-0.180	-0.015	-0.814	-4.535	-8.217	-5.523	-6.270	-7.157	-7.803	-9.094	-8.294	-8.564	-9.225	-9.332	-9.626	0.4787	0.0000	298.3	0	-11.422	0.000	3.3363175392	0
	0.004000	1.0414	50.0000000000	50.0000	5.4795	3.6274	0.1189	-8.929	-8.179	-0.368	-0.216	-1.074	-4.745	-8.385	-5.718	-6.456	-7.335	-7.977	-9.259	-8.464	-8.733	-9.389	-9.494	-9.786	0.4787	0.0000	313.7	0	-11.440	0.000	3.3363289833	0
	0.004000	1.0414	55.0000000000	55.0000	5.5378	3.6292	0.1095	-9.075	-8.335	-0.541	-0.400	-1.310	-4.936	-8.541	-5.895	-6.626	-7.500	-8.137	-9.411	-8.621	-8.889	-9.540	-9.645	-9.934	0.4787	0.0000	329.7	0	-11.444	0.000	3.3363366127	0
	0.004000	1.0414	60.0000000000	60.0000	5.6175	3.6286	0.0650	-9.274	-8.530	-0.719	-0.577	-1.443	-5.088	-8.736	-6.066	-6.804	-7.686	-8.328	-9.609	-8.816	-9.085	-9.739	-9.844	-10.134	0.4787	0.0000	377.8	0	-11.185	0.000	3.3363418579	0
	0.004000	1.0414	65.0000000000	65.0000	5.6537	3.6315	0.0751	-9.364	-8.636	-0.857	-0.730	-1.690	-5.265	-8.842	-6.215	-6.940	-7.809	-8.443	-9.709	-8.924	-9.191	-9.838	-9.941	-10.227	0.4787	0.0000	376.3	0	-11.321	0.000	3.3363456726	0
	0.004000	1.0414	70.0000000000	70.0000	5.6972	3.6334	0.0714	-9.473	-8.755	-0.995	-0.878	-1.894	-5.424	-8.960	-6.359	-7.076	-7.937	-8.567	-9.824	-9.045	-9.311	-9.953	-10.055	-10.338	0.4787	0.0000	387.5	0	-11.351	0.000	3.3363485336	0
	0.004000	1.0414	80.0000000000	80.0000	5.7802	3.6369	0.0604	-9.680	-8.981	-1.254	-1.156	-2.273	-5.721	-9.186	-6.629	-7.331	-8.180	-8.802	-10.043	-9.274	-9.537	-10.171	-10.271	-10.549	0.4787	0.0000	413.1	0	-11.374	0.000	3.3363521099	0
	0.004000	1.0414	89.6879577637	89.6880	5.8533	3.6405	0.0513	-9.863	-9.183	-1.490	-1.411	-2.634	-5.997	-9.387	-6.878	-7.565	-8.400	-9.013	-10.238	-9.479	-9.740	-10.366	-10.463	-10.736	0.4787	0.0000	435.9	0	-11.396	0.000	3.3363540173	0
	0.004000	1.0414	90.0000000000	90.0000	5.8555	3.6406	0.0510	-9.869	-9.189	-1.498	-1.419	-2.645	-6.006	-9.393	-6.886	-7.572	-8.406	-9.019	-10.244	-9.486	-9.746	-10.372	-10.469	-10.741	0.4787	0.0000	436.6	0	-11.397	0.000	3.3363542557	0
	0.004000	1.0414	95.0000000000	95.0000	5.8865	3.6429	0.0529	-9.946	-9.279	-1.612	-1.546	-2.845	-6.149	-9.483	-7.009	-7.684	-8.509	-9.116	-10.330	-9.578	-9.836	-10.456	-10.552	-10.821	0.4787	0.0000	441.0	0	-11.452	0.000	3.3363549709	0
	0.004000	1.0414	98.2702713013	98.2703	5.9004	3.6450	0.0621	-9.981	-9.325	-1.682	-1.628	-2.996	-6.248	-9.529	-7.087	-7.753	-8.567	-9.169	-10.371	-9.626	-9.883	-10.497	-10.592	-10.858	0.4787	0.0000	434.8	0	-11.546	0.000	3.3363552094	0
	0.004000	1.0414	100.0000000000	100.0000	5.9080	3.6461	0.0663	-10.000	-9.350	-1.719	-1.670	-3.073	-6.299	-9.554	-7.128	-7.788	-8.598	-9.196	-10.394	-9.652	-9.908	-10.520	-10.614	-10.878	0.4787	0.0000	432.2	0	-11.591	0.000	3.3363554478	0
	0.004000	1.0414	114.0130233765	114.0130	5.9948	3.6530	0.0642	-10.217	-9.601	-2.060	-2.060	-3.613	-6.695	-9.804	-7.476	-8.105	-8.885	-9.466	-10.631	-9.909	-10.158	-10.755	-10.845	-11.100	0.4787	0.0000	450.2	0	-11.677	0.000	3.3363566399	0
	0.004000	1.0414	120.0000000000	120.0000	6.0287	3.6557	0.0632	-10.302	-9.699	-2.201	-2.227	-3.806	-6.843	-9.901	-7.611	-8.228	-8.995	-9.569	-10.722	-10.007	-10.254	-10.845	-10.934	-11.185	0.4787	0.0000	457.6	0	-11.709	0.000	3.3363568783	0
	0.004000	1.0414	123.3925247192	123.3925	6.0480	3.6575	0.0632	-10.350	-9.755	-2.287	-2.329	-3.927	-6.934	-9.957	-7.693	-8.301	-9.060	-9.629	-10.774	-10.064	-10.310	-10.897	-10.985	-11.234	0.4787	0.0000	461.1	0	-11.730	0.000	3.3363571167	0
	0.004000	1.0414	150.0000000000	150.0000	6.1847	3.6699	0.0610	-10.692	-10.152	-2.891	-3.048	-4.772	-7.571	-10.352	-8.268	-8.817	-9.519	-10.055	-11.144	-10.467	-10.703	-11.264	-11.346	-11.579	0.4787	0.0000	488.8	0	-11.817	0.000	3.3363571167	0
	0.004000	1.0414	200.0000000000	200.0000	6.3723	3.6870	0.0667	-11.161	-10.691	-3.783	-4.066	-5.847	-8.420	-10.888	-9.060	-9.527	-10.145	-10.631	-11.637	-11.009	-11.229	-11.753	-11.828	-12.041	0.4787	0.0000	520.6	0	-11.692	0.000	3.3363571167	0
	0.004000	1.0414	250.0000000000	250.0000	6.5162	3.6982	0.0647	-11.521	-11.095	-4.436	-4.790	-6.574	-9.017	-11.289	-9.630	-10.043	-10.605	-11.057	-12.009	-11.413	-11.622	-12.121	-12.192	-12.393	0.4787	0.0000	555.8	0	-11.595	0.000	3.3363571167	0
	0.004000	1.0414	300.0000000000	300.0000	6.6230	3.7072	0.0731	-11.787	-11.393	-4.955	-5.353	-7.111	-9.450	-11.585	-10.055	-10.428	-10.947	-11.371	-12.277	-11.708	-11.908	-12.385	-12.453	-12.646	0.4787	0.0000	571.5	0	-11.516	0.000	3.3363571167	0
