# File generated by CMD 2.8 (http://stev.oapd.inaf.it/cmd) on Sat Mar 19 14:40:26 CET 2016
# isochrones PARSEC release v1.2S + COLIBRI release PR16
# Basic references: Bressan et al. (2012), MNRAS, 427, 127 + Chen et al. (2014, 2015), MNRAS, 444, 2525 + MNRAS, 452, 1068 + Tang et al. (2014), MNRAS, 445, 4287 + Rosenfield et al. (2016, arXiv:1603.05283)
# Photometric system: HST/WFC3 long-pass and extremely wide filters (UVIS1, final throughputs)
# Attention: photometry includes extinction of Av=0.124
# Using NBC version of bolometric corrections as in Chen et al. (2014), MNRAS, 444, 2525
# BCs of Carbon stars derive from Aringer et al. (2009, A&A 503, 913)
# O-rich circumstellar dust ignored
# C-rich circumstellar dust ignored
# IMF: Chabrier (2001) lognormal 
# On RGB, assumed Reimers mass loss with efficiency eta=0.2
# Kind of output: isochrone tables
#	Isochrone  Z = 0.00400	Y = 0.25600	[M/H] = -0.583	eta_R = 0.200	Age = 	1.1000e+01 yr
#	Includes interstellar extinction of Av = 0.1240 mag
#      Z	log(age/yr)	M_ini   	M_act	logL/Lo	logTe	logG	mbol    F200LP1 F300X   F350LP  F475X   F600LP  F850LP	C/O	M_hec	period	pmode	logMdot	slope	int_IMF	stage
	0.004000	1.0414	0.0900000036	0.0900	-0.2769	3.4903	2.5822	5.462	7.112	12.245	6.910	8.730	5.774	4.580	0.4787	0.0000	0.4	1	-18.038	0.000	1.4676543474	0
	0.004000	1.0414	0.1000000015	0.1000	-0.1611	3.4956	2.5336	5.173	6.809	11.920	6.607	8.388	5.477	4.296	0.4787	0.0000	0.5	1	-17.993	0.000	1.5704020262	0
	0.004000	1.0414	0.1199999973	0.1200	0.0360	3.5085	2.4670	4.680	6.273	11.362	6.071	7.748	4.958	3.818	0.4787	0.0000	0.6	1	-17.913	0.000	1.7478251457	0
	0.004000	1.0414	0.1400000006	0.1400	0.2297	3.5228	2.3975	4.196	5.722	10.827	5.521	7.064	4.432	3.354	0.4787	0.0000	0.7	1	-17.847	0.000	1.8958495855	0
	0.004000	1.0414	0.1599999964	0.1600	0.3927	3.5367	2.3483	3.788	5.228	10.298	5.029	6.426	3.970	2.960	0.4787	0.0000	0.8	1	-17.789	0.000	2.0211524963	0
	0.004000	1.0414	0.2000000030	0.2000	0.6813	3.5591	2.2462	3.067	4.313	9.287	4.117	5.286	3.117	2.253	0.4787	0.0000	1.0	1	-17.692	0.000	2.2217822075	0
	0.004000	1.0414	0.2500000000	0.2500	0.9395	3.5771	2.1570	2.421	3.492	8.280	3.298	4.315	2.345	1.615	0.4787	0.0000	1.2	1	-17.578	0.000	2.4080901146	0
	0.004000	1.0414	0.3000000119	0.3000	1.1372	3.5878	2.0813	1.927	2.902	7.506	2.709	3.656	1.782	1.120	0.4787	0.0000	1.4	1	-16.642	0.000	2.5475041866	0
	0.004000	1.0414	0.3499999940	0.3500	1.2878	3.5954	2.0278	1.551	2.469	6.926	2.277	3.181	1.367	0.741	0.4787	0.0000	1.6	1	-15.850	0.000	2.6555202007	0
	0.004000	1.0414	0.4000000060	0.4000	1.4238	3.6004	1.9700	1.211	2.094	6.463	1.903	2.780	1.004	0.399	0.4787	0.0000	1.8	1	-15.165	0.000	2.7413372993	0
	0.004000	1.0414	0.4499999881	0.4500	1.5341	3.6045	1.9273	0.935	1.792	6.084	1.602	2.459	0.712	0.121	0.4787	0.0000	2.0	1	-14.561	0.000	2.8109800816	0
	0.004000	1.0414	0.5000000000	0.5000	1.6383	3.6073	1.8800	0.674	1.515	5.762	1.325	2.168	0.440	-0.141	0.4787	0.0000	2.3	1	-14.021	0.000	2.8684780598	0
	0.004000	1.0414	0.5500000119	0.5500	1.7211	3.6100	1.8493	0.467	1.290	5.487	1.101	1.931	0.222	-0.350	0.4787	0.0000	2.5	1	-13.532	0.000	2.9166350365	0
	0.004000	1.0414	0.6000000238	0.6000	1.7974	3.6121	1.8192	0.276	1.088	5.250	0.899	1.720	0.025	-0.542	0.4787	0.0000	2.6	1	-13.086	0.000	2.9573988914	0
	0.004000	1.0414	0.6499999762	0.6500	1.8870	3.6126	1.7663	0.053	0.863	5.038	0.674	1.494	-0.201	-0.766	0.4787	0.0000	3.0	1	-12.677	0.000	2.9923686981	0
	0.004000	1.0414	0.6999999881	0.7000	1.9476	3.6142	1.7444	-0.099	0.703	4.849	0.513	1.326	-0.357	-0.918	0.4787	0.0000	3.1	1	-12.297	0.000	3.0225379467	0
	0.004000	1.0414	0.7500000000	0.7500	2.3691	3.5953	1.2773	-1.153	-0.214	4.619	-0.408	0.523	-1.329	-1.954	0.4787	0.0000	7.2	1	-11.977	0.000	3.0487992764	0
	0.004000	1.0414	0.8000000119	0.8000	2.4194	3.5962	1.2584	-1.278	-0.346	4.476	-0.540	0.387	-1.459	-2.080	0.4787	0.0000	7.5	1	-11.673	0.000	3.0718705654	0
	0.004000	1.0414	0.8500000238	0.8500	2.4676	3.5969	1.2393	-1.399	-0.471	4.344	-0.665	0.258	-1.583	-2.201	0.4787	0.0000	7.6	1	-11.569	0.000	3.0922229290	0
	0.004000	1.0414	0.8999999762	0.9000	2.5177	3.5971	1.2148	-1.524	-0.597	4.224	-0.791	0.131	-1.709	-2.326	0.4787	0.0000	8.0	1	-11.801	0.000	3.1102609634	0
	0.004000	1.0414	0.9499999881	0.9500	2.5675	3.5970	1.1881	-1.649	-0.721	4.116	-0.914	0.009	-1.834	-2.451	0.4787	0.0000	8.6	1	-12.297	0.000	3.1263561249	0
	0.004000	1.0414	1.0000000000	1.0000	2.6030	3.5978	1.1782	-1.737	-0.816	4.005	-1.009	-0.090	-1.927	-2.540	0.4787	0.0000	8.8	1	-12.861	0.000	3.1408040524	0
	0.004000	1.0414	1.0499999523	1.0500	2.6457	3.5978	1.1567	-1.844	-0.922	3.909	-1.116	-0.196	-2.033	-2.647	0.4787	0.0000	9.3	1	-13.357	0.000	3.1538088322	0
	0.004000	1.0414	1.1000000238	1.1000	2.6807	3.5982	1.1434	-1.932	-1.012	3.816	-1.206	-0.288	-2.123	-2.735	0.4787	0.0000	9.6	1	-13.737	0.000	3.1655414104	0
	0.004000	1.0414	1.1499999762	1.1500	2.7211	3.5980	1.1216	-2.033	-1.111	3.732	-1.305	-0.385	-2.223	-2.835	0.4787	0.0000	10.1	1	-14.005	0.000	3.1761763096	0
	0.004000	1.0414	1.2000000477	1.2000	2.7522	3.5984	1.1105	-2.110	-1.192	3.648	-1.385	-0.467	-2.302	-2.913	0.4787	0.0000	10.4	1	-14.189	0.000	3.1858570576	0
	0.004000	1.0414	1.2500000000	1.2500	2.7838	3.5986	1.0974	-2.189	-1.272	3.569	-1.465	-0.548	-2.382	-2.993	0.4787	0.0000	10.7	1	-14.316	0.000	3.1947042942	0
	0.004000	1.0414	1.2999999523	1.3000	2.8240	3.5980	1.0721	-2.290	-1.368	3.498	-1.561	-0.640	-2.480	-3.092	0.4787	0.0000	11.3	1	-14.405	0.000	3.2028071880	0
	0.004000	1.0414	1.3500000238	1.3500	2.8546	3.5981	1.0580	-2.367	-1.445	3.426	-1.638	-0.717	-2.557	-3.169	0.4787	0.0000	11.7	1	-14.471	0.000	3.2102327347	0
	0.004000	1.0414	1.3999999762	1.4000	2.8776	3.5986	1.0530	-2.424	-1.506	3.354	-1.700	-0.782	-2.617	-3.227	0.4787	0.0000	12.0	1	-14.524	0.000	3.2170591354	0
	0.004000	1.0414	1.4500000477	1.4500	2.9077	3.5984	1.0374	-2.499	-1.580	3.292	-1.773	-0.854	-2.692	-3.302	0.4787	0.0000	12.4	1	-14.567	0.000	3.2233536243	0
	0.004000	1.0414	1.5000000000	1.5000	2.9355	3.5984	1.0244	-2.569	-1.649	3.229	-1.843	-0.922	-2.761	-3.371	0.4787	0.0000	12.8	1	-14.604	0.000	3.2291738987	0
	0.004000	1.0414	1.5499999523	1.5500	2.9620	3.5984	1.0120	-2.635	-1.715	3.169	-1.909	-0.988	-2.827	-3.437	0.4787	0.0000	12.8	1	-14.638	0.000	3.2345697880	0
	0.004000	1.0414	1.6000000238	1.6000	2.9831	3.5988	1.0062	-2.688	-1.770	3.107	-1.964	-1.046	-2.882	-3.490	0.4787	0.0000	13.0	1	-14.670	0.000	3.2395837307	0
	0.004000	1.0414	1.6499999762	1.6500	3.0116	3.5985	0.9899	-2.759	-1.839	3.058	-2.033	-1.112	-2.952	-3.562	0.4787	0.0000	13.5	1	-14.698	0.000	3.2442421913	0
	0.004000	1.0414	1.7000000477	1.7000	3.0314	3.5988	0.9843	-2.809	-1.891	3.004	-2.085	-1.165	-3.003	-3.612	0.4787	0.0000	13.7	1	-14.726	0.000	3.2485761642	0
	0.004000	1.0414	1.7500000000	1.7500	3.0625	3.5982	0.9632	-2.886	-1.964	2.968	-2.158	-1.232	-3.078	-3.689	0.4787	0.0000	14.3	1	-14.752	0.000	3.2526168823	0
	0.004000	1.0414	1.7999999523	1.8000	3.0769	3.5988	0.9634	-2.922	-2.004	2.912	-2.198	-1.276	-3.117	-3.726	0.4787	0.0000	14.4	1	-14.778	0.000	3.2563917637	0
	0.004000	1.0414	1.8500000238	1.8500	3.1059	3.5982	0.9440	-2.995	-2.072	2.878	-2.266	-1.339	-3.187	-3.798	0.4787	0.0000	15.0	1	-14.802	0.000	3.2599251270	0
	0.004000	1.0414	1.8999999762	1.9000	3.1240	3.5984	0.9382	-3.040	-2.118	2.833	-2.312	-1.386	-3.234	-3.844	0.4787	0.0000	15.3	1	-14.826	0.000	3.2632381916	0
	0.004000	1.0414	1.9500000477	1.9500	3.1478	3.5980	0.9241	-3.100	-2.175	2.798	-2.369	-1.440	-3.292	-3.903	0.4787	0.0000	15.8	1	-14.848	0.000	3.2663500309	0
	0.004000	1.0414	2.0000000000	2.0000	3.1662	3.5981	0.9171	-3.145	-2.222	2.756	-2.416	-1.486	-3.338	-3.950	0.4787	0.0000	16.1	1	-14.871	0.000	3.2692775726	0
	0.004000	1.0414	2.0499999523	2.0500	3.1833	3.5982	0.9114	-3.188	-2.266	2.714	-2.460	-1.531	-3.382	-3.993	0.4787	0.0000	16.3	1	-14.893	0.000	3.2720313072	0
	0.004000	1.0414	2.0999999046	2.1000	3.2039	3.5981	0.9006	-3.240	-2.316	2.678	-2.510	-1.579	-3.433	-4.044	0.4787	0.0000	16.7	1	-14.915	0.000	3.2746226788	0
	0.004000	1.0414	2.1500000954	2.1500	3.2201	3.5982	0.8952	-3.280	-2.357	2.638	-2.551	-1.621	-3.474	-4.085	0.4787	0.0000	17.0	1	-14.936	0.000	3.2770648003	0
	0.004000	1.0414	2.2000000477	2.2000	3.2387	3.5981	0.8862	-3.327	-2.403	2.604	-2.597	-1.665	-3.521	-4.132	0.4787	0.0000	17.4	1	-14.956	0.000	3.2793695927	0
	0.004000	1.0414	2.2500000000	2.2500	3.2589	3.5978	0.8746	-3.377	-2.451	2.574	-2.646	-1.711	-3.570	-4.182	0.4787	0.0000	17.8	1	-14.975	0.000	3.2815473080	0
	0.004000	1.0414	2.2999999523	2.3000	3.2778	3.5976	0.8644	-3.425	-2.497	2.543	-2.691	-1.755	-3.617	-4.230	0.4787	0.0000	18.3	1	-14.994	0.000	3.2836077213	0
	0.004000	1.0414	2.3499999046	2.3500	3.2954	3.5975	0.8557	-3.469	-2.540	2.511	-2.735	-1.796	-3.660	-4.274	0.4787	0.0000	18.6	1	-15.013	0.000	3.2855594158	0
	0.004000	1.0414	2.4000000954	2.4000	3.3066	3.5980	0.8555	-3.496	-2.571	2.469	-2.766	-1.830	-3.690	-4.302	0.4787	0.0000	18.7	1	-15.033	0.000	3.2874104977	0
	0.004000	1.0414	2.5999999046	2.6000	3.3691	3.5977	0.8269	-3.653	-2.726	2.347	-2.920	-1.981	-3.847	-4.459	0.4787	0.0000	24.7	1	-15.101	0.000	3.2939352989	0
	0.004000	1.0414	2.7999999523	2.8000	3.4252	3.5976	0.8023	-3.793	-2.865	2.236	-3.059	-2.117	-3.987	-4.600	0.4787	0.0000	26.2	1	-15.163	0.000	3.2992820740	0
	0.004000	1.0414	3.0000000000	3.0000	3.4781	3.5974	0.7786	-3.925	-2.996	2.132	-3.190	-2.245	-4.119	-4.732	0.4787	0.0000	27.8	1	-13.516	0.000	3.3037204742	0
	0.004000	1.0414	3.2000000477	3.2000	3.5281	3.5972	0.7557	-4.050	-3.119	2.037	-3.313	-2.365	-4.244	-4.858	0.4787	0.0000	29.4	1	-13.488	0.000	3.3074507713	0
	0.004000	1.0414	3.4000000954	3.4000	3.5718	3.5972	0.7384	-4.160	-3.228	1.943	-3.423	-2.473	-4.353	-4.967	0.4787	0.0000	30.7	1	-13.461	0.000	3.3106060028	0
	0.004000	1.0414	3.5999999046	3.6000	3.6155	3.5970	0.7187	-4.269	-3.335	1.860	-3.530	-2.578	-4.462	-5.077	0.4787	0.0000	32.2	1	-13.436	0.000	3.3132953644	0
	0.004000	1.0414	3.7999999523	3.8000	3.6614	3.5965	0.6942	-4.383	-3.446	1.785	-3.641	-2.684	-4.575	-5.191	0.4787	0.0000	34.1	1	-13.413	0.000	3.3156080246	0
	0.004000	1.0414	4.0000000000	4.0000	3.7021	3.5961	0.6744	-4.485	-3.546	1.712	-3.741	-2.780	-4.676	-5.293	0.4787	0.0000	35.7	1	-13.391	0.000	3.3176128864	0
	0.004000	1.0414	4.1999998093	4.2000	3.7390	3.5960	0.6582	-4.578	-3.637	1.640	-3.832	-2.869	-4.768	-5.385	0.4787	0.0000	37.2	1	-13.369	0.000	3.3193576336	0
	0.004000	1.0414	4.4000000954	4.4000	3.7720	3.5960	0.6456	-4.660	-3.720	1.568	-3.915	-2.951	-4.851	-5.468	0.4787	0.0000	38.5	1	-13.349	0.000	3.3208827972	0
	0.004000	1.0414	4.5999999046	4.6000	3.8071	3.5957	0.6284	-4.748	-3.805	1.508	-4.000	-3.033	-4.938	-5.556	0.4787	0.0000	40.1	1	-13.330	0.000	3.3222241402	0
	0.004000	1.0414	4.8000001907	4.8000	3.8384	3.5956	0.6152	-4.826	-3.882	1.446	-4.078	-3.108	-5.016	-5.634	0.4787	0.0000	41.4	1	-13.272	0.000	3.3234102726	0
	0.004000	1.0414	5.0000000000	5.0000	3.8638	3.5960	0.6090	-4.889	-3.948	1.377	-4.144	-3.176	-5.081	-5.699	0.4787	0.0000	42.3	1	-13.258	0.000	3.3244650364	0
	0.004000	1.0414	5.1999998093	5.2000	3.8959	3.5956	0.5923	-4.970	-4.026	1.325	-4.221	-3.250	-5.160	-5.779	0.4787	0.0000	44.0	1	-13.166	0.000	3.3254051208	0
	0.004000	1.0414	5.4000000954	5.4000	3.9220	3.5957	0.5830	-5.035	-4.092	1.265	-4.287	-3.316	-5.226	-5.844	0.4787	0.0000	45.1	1	-13.126	0.000	3.3262448311	0
	0.004000	1.0414	5.5999999046	5.6000	3.9518	3.5953	0.5674	-5.110	-4.163	1.218	-4.359	-3.384	-5.300	-5.919	0.4787	0.0000	46.7	1	-13.040	0.000	3.3269982338	0
	0.004000	1.0414	5.8000001907	5.8000	3.9746	3.5954	0.5605	-5.167	-4.221	1.163	-4.417	-3.442	-5.358	-5.976	0.4787	0.0000	47.7	1	-13.016	0.000	3.3276765347	0
	0.004000	1.0414	6.0000000000	6.0000	4.0036	3.5950	0.5444	-5.239	-4.291	1.120	-4.486	-3.508	-5.428	-6.048	0.4787	0.0000	49.5	1	-12.924	0.000	3.3282895088	0
	0.004000	1.0414	6.1999998093	6.2000	4.0256	3.5951	0.5371	-5.294	-4.346	1.069	-4.542	-3.563	-5.484	-6.103	0.4787	0.0000	50.5	1	-12.896	0.000	3.3288455009	0
	0.004000	1.0414	6.4000000954	6.4000	4.0435	3.5955	0.5346	-5.339	-4.394	1.014	-4.589	-3.613	-5.531	-6.149	0.4787	0.0000	51.2	1	-12.902	0.000	3.3293509483	0
	0.004000	1.0414	6.8829574585	6.8830	4.0993	3.5951	0.5088	-5.478	-4.530	0.912	-4.726	-3.745	-5.669	-6.288	0.4787	0.0000	54.5	1	-12.769	0.000	3.3303933144	0
	0.004000	1.0414	7.0000000000	7.0000	4.1123	3.5950	0.5026	-5.511	-4.562	0.889	-4.758	-3.776	-5.702	-6.321	0.4787	0.0000	55.3	1	-12.736	0.000	3.3306136131	0
	0.004000	1.0414	7.5272402763	7.5272	4.1615	3.5951	0.4855	-5.634	-4.686	0.771	-4.881	-3.899	-5.825	-6.444	0.4787	0.0000	58.0	1	-12.667	0.000	3.3314802647	0
	0.004000	1.0414	8.0000000000	8.0000	4.2036	3.5951	0.4698	-5.739	-4.791	0.673	-4.987	-4.003	-5.931	-6.550	0.4787	0.0000	60.5	1	-12.599	0.000	3.3321142197	0
	0.004000	1.0414	8.0243024826	8.0243	4.2057	3.5951	0.4690	-5.744	-4.796	0.668	-4.992	-4.009	-5.936	-6.556	0.4787	0.0000	60.6	1	-12.595	0.000	3.3321435452	0
	0.004000	1.0414	9.0000000000	9.0000	4.2867	3.5951	0.4378	-5.947	-4.999	0.481	-5.194	-4.209	-6.140	-6.759	0.4787	0.0000	65.8	1	-12.455	0.000	3.3331298828	0
	0.004000	1.0414	9.0279531479	9.0280	4.2889	3.5951	0.4370	-5.952	-5.004	0.476	-5.200	-4.214	-6.145	-6.765	0.4787	0.0000	66.0	1	-12.451	0.000	3.3331534863	0
	0.004000	1.0414	10.0000000000	10.0000	4.3604	3.5951	0.4100	-6.131	-5.183	0.309	-5.379	-4.391	-6.325	-6.944	0.4787	0.0000	70.9	1	-12.332	0.000	3.3338441849	0
	0.004000	1.0414	10.0334930420	10.0335	4.3630	3.5951	0.4088	-6.137	-5.189	0.304	-5.385	-4.397	-6.331	-6.951	0.4787	0.0000	71.1	1	-12.326	0.000	3.3338642120	0
	0.004000	1.0414	11.0000000000	11.0000	4.4334	3.5945	0.3760	-6.314	-5.361	0.160	-5.557	-4.564	-6.505	-7.127	0.4787	0.0000	77.0	1	-12.156	0.000	3.3343617916	0
	0.004000	1.0414	11.0348691940	11.0349	4.4354	3.5945	0.3755	-6.319	-5.367	0.155	-5.562	-4.569	-6.510	-7.132	0.4787	0.0000	77.2	1	-12.155	0.000	3.3343772888	0
	0.004000	1.0414	12.0000000000	12.0000	4.4908	3.5948	0.3577	-6.457	-5.507	0.016	-5.703	-4.710	-6.651	-7.272	0.4787	0.0000	81.3	1	-12.089	0.000	3.3347461224	0
	0.004000	1.0414	14.0000000000	14.0000	4.5959	3.5951	0.3207	-6.720	-5.772	-0.239	-5.967	-4.974	-6.916	-7.536	0.4787	0.0000	90.0	1	-11.937	0.000	3.3352642059	0
	0.004000	1.0414	16.0000000000	16.0000	4.6878	3.5953	0.2873	-6.950	-6.002	-0.458	-6.198	-5.204	-7.147	-7.767	0.4787	0.0000	98.6	1	-11.795	0.000	3.3355829716	0
	0.004000	1.0414	18.0000000000	18.0000	4.7792	3.5946	0.2444	-7.178	-6.226	-0.643	-6.422	-5.420	-7.373	-7.996	0.4787	0.0000	173.3	0	-11.570	0.000	3.3357899189	0
	0.004000	1.0414	20.0000000000	20.0000	4.8412	3.5957	0.2325	-7.333	-6.389	-0.828	-6.584	-5.589	-7.534	-8.153	0.4787	0.0000	183.7	0	-11.564	0.000	3.3359301090	0
	0.004000	1.0414	24.0000000000	24.0000	4.9764	3.5952	0.1746	-7.671	-6.723	-1.124	-6.919	-5.917	-7.871	-8.492	0.4787	0.0000	223.5	0	-11.280	0.000	3.3360989094	0
	0.004000	1.0414	27.3908596039	27.3909	5.0390	3.5981	0.1812	-7.827	-6.901	-1.379	-7.097	-6.112	-8.042	-8.655	0.4787	0.0000	227.8	0	-11.431	0.000	3.3361797333	0
	0.004000	1.0414	28.0000000000	28.0000	5.0499	3.5986	0.1816	-7.855	-6.931	-1.421	-7.127	-6.145	-8.071	-8.683	0.4787	0.0000	228.9	0	-11.451	0.000	3.3361907005	0
	0.004000	1.0414	30.0000000000	30.0000	5.1647	3.6186	0.1766	-8.142	-7.345	-2.296	-7.539	-6.660	-8.443	-9.003	0.4787	0.0000	236.2	0	-11.468	0.000	3.3362209797	0
	0.004000	1.0414	30.2379112244	30.2379	5.1697	3.6187	0.1755	-8.154	-7.359	-2.312	-7.552	-6.674	-8.456	-9.016	0.4787	0.0000	237.3	0	-11.466	0.000	3.3362240791	0
	0.004000	1.0414	35.0000000000	35.0000	5.2635	3.6207	0.1536	-8.389	-7.605	-2.597	-7.798	-6.929	-8.699	-9.254	0.4787	0.0000	261.0	0	-11.418	0.000	3.3362710476	0
	0.004000	1.0414	40.0000000000	40.0000	5.3488	3.6227	0.1342	-8.602	-7.830	-2.861	-8.023	-7.162	-8.920	-9.471	0.4787	0.0000	284.2	0	-11.379	0.000	3.3362998962	0
	0.004000	1.0414	45.0000000000	45.0000	5.4166	3.6252	0.1275	-8.772	-8.014	-3.102	-8.207	-7.357	-9.098	-9.644	0.4787	0.0000	298.3	0	-11.422	0.000	3.3363175392	0
	0.004000	1.0414	50.0000000000	50.0000	5.4795	3.6274	0.1189	-8.929	-8.183	-3.318	-8.376	-7.535	-9.263	-9.804	0.4787	0.0000	313.7	0	-11.440	0.000	3.3363289833	0
	0.004000	1.0414	55.0000000000	55.0000	5.5378	3.6292	0.1095	-9.075	-8.340	-3.515	-8.532	-7.699	-9.416	-9.953	0.4787	0.0000	329.7	0	-11.444	0.000	3.3363366127	0
	0.004000	1.0414	60.0000000000	60.0000	5.6175	3.6286	0.0650	-9.274	-8.535	-3.675	-8.728	-7.890	-9.615	-10.153	0.4787	0.0000	377.8	0	-11.185	0.000	3.3363418579	0
	0.004000	1.0414	65.0000000000	65.0000	5.6537	3.6315	0.0751	-9.364	-8.642	-3.856	-8.834	-8.009	-9.715	-10.246	0.4787	0.0000	376.3	0	-11.321	0.000	3.3363456726	0
	0.004000	1.0414	70.0000000000	70.0000	5.6972	3.6334	0.0714	-9.473	-8.761	-4.020	-8.953	-8.136	-9.830	-10.357	0.4787	0.0000	387.5	0	-11.351	0.000	3.3363485336	0
	0.004000	1.0414	80.0000000000	80.0000	5.7802	3.6369	0.0604	-9.680	-8.987	-4.325	-9.179	-8.377	-10.049	-10.568	0.4787	0.0000	413.1	0	-11.374	0.000	3.3363521099	0
	0.004000	1.0414	89.6879577637	89.6880	5.8533	3.6405	0.0513	-9.863	-9.189	-4.610	-9.381	-8.593	-10.243	-10.754	0.4787	0.0000	435.9	0	-11.396	0.000	3.3363540173	0
	0.004000	1.0414	90.0000000000	90.0000	5.8555	3.6406	0.0510	-9.869	-9.195	-4.618	-9.387	-8.600	-10.249	-10.760	0.4787	0.0000	436.6	0	-11.397	0.000	3.3363542557	0
	0.004000	1.0414	95.0000000000	95.0000	5.8865	3.6429	0.0529	-9.946	-9.285	-4.762	-9.476	-8.699	-10.333	-10.839	0.4787	0.0000	441.0	0	-11.452	0.000	3.3363549709	0
	0.004000	1.0414	98.2702713013	98.2703	5.9004	3.6450	0.0621	-9.981	-9.330	-4.861	-9.521	-8.754	-10.374	-10.875	0.4787	0.0000	434.8	0	-11.546	0.000	3.3363552094	0
	0.004000	1.0414	100.0000000000	100.0000	5.9080	3.6461	0.0663	-10.000	-9.355	-4.912	-9.545	-8.783	-10.396	-10.894	0.4787	0.0000	432.2	0	-11.591	0.000	3.3363554478	0
	0.004000	1.0414	114.0130233765	114.0130	5.9948	3.6530	0.0642	-10.217	-9.606	-5.320	-9.796	-9.062	-10.631	-11.115	0.4787	0.0000	450.2	0	-11.677	0.000	3.3363566399	0
	0.004000	1.0414	120.0000000000	120.0000	6.0287	3.6557	0.0632	-10.302	-9.704	-5.479	-9.893	-9.171	-10.723	-11.201	0.4787	0.0000	457.6	0	-11.709	0.000	3.3363568783	0
	0.004000	1.0414	123.3925247192	123.3925	6.0480	3.6575	0.0632	-10.350	-9.761	-5.576	-9.950	-9.235	-10.776	-11.250	0.4787	0.0000	461.1	0	-11.730	0.000	3.3363571167	0
	0.004000	1.0414	150.0000000000	150.0000	6.1847	3.6699	0.0610	-10.692	-10.160	-6.255	-10.347	-9.682	-11.143	-11.593	0.4787	0.0000	488.8	0	-11.817	0.000	3.3363571167	0
	0.004000	1.0414	200.0000000000	200.0000	6.3723	3.6870	0.0667	-11.161	-10.701	-7.143	-10.884	-10.288	-11.638	-12.053	0.4787	0.0000	520.6	0	-11.692	0.000	3.3363571167	0
	0.004000	1.0414	250.0000000000	250.0000	6.5162	3.6982	0.0647	-11.521	-11.104	-7.758	-11.284	-10.732	-12.008	-12.402	0.4787	0.0000	555.8	0	-11.595	0.000	3.3363571167	0
	0.004000	1.0414	300.0000000000	300.0000	6.6230	3.7072	0.0731	-11.787	-11.402	-8.223	-11.581	-11.064	-12.278	-12.658	0.4787	0.0000	571.5	0	-11.516	0.000	3.3363571167	0
