# File generated by CMD 2.8 (http://stev.oapd.inaf.it/cmd) on Sat Mar 19 15:07:44 CET 2016
# isochrones PARSEC release v1.2S + COLIBRI release PR16
# Basic references: Bressan et al. (2012), MNRAS, 427, 127 + Chen et al. (2014, 2015), MNRAS, 444, 2525 + MNRAS, 452, 1068 + Tang et al. (2014), MNRAS, 445, 4287 + Rosenfield et al. (2016, arXiv:1603.05283)
# Photometric system: HST/WFC3 UVIS channel, chip 2 (final throughputs)
# Attention: photometry includes extinction of Av=0.124
# Using OBC version of bolometric corrections as detailed in Marigo et al. (2008, A&A 482, 883) and Girardi et al. (2008, PASP 120, 583)
# BCs of Carbon stars derive from Aringer et al. (2009, A&A 503, 913)
# O-rich circumstellar dust ignored
# C-rich circumstellar dust ignored
# IMF: Chabrier (2001) lognormal 
# On RGB, assumed Reimers mass loss with efficiency eta=0.2
# Kind of output: isochrone tables
#	Isochrone  Z = 0.00300	Y = 0.25434	[M/H] = -0.710	eta_R = 0.200	Age = 	1.1000e+10 yr
#	Includes interstellar extinction of Av = 0.1240 mag
#      Z	log(age/yr)	M_ini   	M_act	logL/Lo	logTe	logG	mbol    F200LP2 F218W2  F225W2  F275W2  F336W2  F350LP2 F390W2  F438W2  F475W2  F555W2  F600LP2 F606W2  F625W2  F775W2  F814W2  F850LP2	C/O	M_hec	period	pmode	logMdot	slope	int_IMF	stage
	0.003000	10.0414	0.0900000036	0.0900	-3.2857	3.4226	5.3205	12.984	15.085	23.860	22.754	23.847	22.206	14.862	20.764	19.398	18.012	17.175	13.627	16.390	16.052	13.437	13.033	12.192	0.4787	0.0000	0.0	1	-18.038	0.000	1.4676543474	1
	0.003000	10.0414	0.1000000015	0.1000	-3.0676	3.4532	5.2703	12.439	14.169	23.025	21.946	23.012	21.715	13.947	20.084	18.368	16.795	15.867	12.739	15.092	14.739	12.440	12.150	11.532	0.4787	0.0000	0.0	1	-17.993	0.000	1.5704020262	1
	0.003000	10.0414	0.1199999973	0.1200	-2.7924	3.4864	5.2073	11.751	13.240	21.952	21.116	21.995	19.299	13.020	17.852	16.534	15.281	14.374	11.878	13.687	13.341	11.596	11.357	10.823	0.4787	0.0000	0.0	1	-17.914	0.000	1.7478251457	1
	0.003000	10.0414	0.1400000006	0.1400	-2.6063	3.5054	5.1642	11.286	12.635	21.217	20.559	21.188	17.995	12.418	16.645	15.528	14.415	13.532	11.318	12.878	12.535	11.054	10.841	10.354	0.4787	0.0000	0.0	1	-17.847	0.000	1.8958495855	1
	0.003000	10.0414	0.1599999964	0.1600	-2.4635	3.5180	5.1296	10.929	12.190	20.666	20.131	20.507	17.167	11.973	15.872	14.864	13.828	12.967	10.900	12.329	11.989	10.651	10.455	9.995	0.4787	0.0000	0.0	1	-17.789	0.000	2.0211524963	1
	0.003000	10.0414	0.2000000030	0.2000	-2.2413	3.5346	5.0706	10.373	11.523	19.851	19.463	19.458	16.075	11.308	14.834	13.947	13.001	12.173	10.268	11.552	11.217	10.042	9.865	9.438	0.4787	0.0000	0.0	1	-17.692	0.000	2.2217822075	1
	0.003000	10.0414	0.2500000000	0.2500	-2.0330	3.5472	5.0098	9.852	10.921	19.132	18.846	18.540	15.198	10.708	13.986	13.176	12.290	11.490	9.691	10.880	10.547	9.483	9.320	8.917	0.4787	0.0000	0.0	1	-17.573	0.000	2.4080901146	1
	0.003000	10.0414	0.3292481303	0.3292	-1.7902	3.5610	4.9417	9.246	10.228	18.309	18.115	17.518	14.108	10.016	13.043	12.310	11.498	10.734	9.023	10.135	9.807	8.835	8.683	8.298	0.4787	0.0000	0.0	1	-16.158	0.000	2.6138546467	1
	0.003000	10.0414	0.3792481124	0.3792	-1.6436	3.5710	4.8965	8.879	9.805	17.795	17.664	16.881	13.391	9.594	12.447	11.769	11.013	10.274	8.615	9.681	9.356	8.440	8.295	7.919	0.4787	0.0000	0.0	1	-15.431	0.000	2.7079322338	1
	0.003000	10.0414	0.4292481244	0.4292	-1.4797	3.5845	4.8404	8.469	9.324	17.177	17.106	16.080	12.526	9.115	11.737	11.122	10.429	9.732	8.165	9.164	8.848	8.004	7.869	7.513	0.4787	0.0000	0.0	1	-14.794	0.000	2.7837693691	1
	0.003000	10.0414	0.4792481065	0.4792	-1.2966	3.6038	4.7823	8.012	8.768	16.402	16.362	14.988	11.451	8.563	10.863	10.323	9.704	9.073	7.662	8.555	8.258	7.518	7.400	7.081	0.4787	0.0000	0.0	1	-14.228	0.000	2.8458664417	1
	0.003000	10.0414	0.5292481184	0.5292	-1.0895	3.6321	4.7315	7.494	8.162	15.439	15.059	13.450	10.417	7.962	9.991	9.495	8.925	8.363	7.124	7.909	7.638	6.992	6.891	6.612	0.4787	0.0000	0.0	1	-13.717	0.000	2.8976583481	1
	0.003000	10.0414	0.5792481303	0.5792	-0.8806	3.6652	4.6942	6.971	7.513	13.991	13.227	11.570	9.208	7.322	9.013	8.604	8.092	7.613	6.566	7.234	7.000	6.447	6.363	6.127	0.4787	0.0000	0.0	1	-13.254	0.000	2.9412617683	1
	0.003000	10.0414	0.6264373064	0.6263	-0.6914	3.6955	4.6602	6.498	6.930	12.252	11.491	9.955	8.142	6.750	8.145	7.850	7.386	6.973	6.066	6.646	6.444	5.957	5.885	5.684	0.4787	0.0000	0.0	1	-12.851	0.000	2.9765365124	1
	0.003000	10.0414	0.6292481422	0.6291	-0.6805	3.6972	4.6582	6.471	6.896	12.146	11.391	9.865	8.082	6.718	8.096	7.807	7.347	6.937	6.038	6.613	6.412	5.929	5.858	5.659	0.4787	0.0000	0.0	1	-12.828	0.000	2.9784846306	1
	0.003000	10.0414	0.6319712400	0.6318	-0.6697	3.6989	4.6560	6.444	6.863	12.041	11.293	9.777	8.022	6.685	8.047	7.765	7.307	6.902	6.009	6.580	6.381	5.901	5.831	5.634	0.4787	0.0000	0.0	1	-12.806	0.000	2.9803566933	1
	0.003000	10.0414	0.6475114822	0.6473	-0.6078	3.7086	4.6435	6.290	6.681	11.453	10.774	9.343	7.707	6.508	7.780	7.537	7.099	6.712	5.855	6.403	6.212	5.750	5.682	5.495	0.4787	0.0000	0.0	1	-12.681	0.000	2.9907493591	1
	0.003000	10.0414	0.6611579657	0.6610	-0.5536	3.7170	4.6317	6.154	6.523	10.945	10.329	8.975	7.436	6.354	7.549	7.339	6.919	6.547	5.720	6.249	6.065	5.617	5.553	5.374	0.4787	0.0000	0.0	1	-12.574	0.000	2.9994845390	1
	0.003000	10.0414	0.6744071245	0.6742	-0.5010	3.7249	4.6195	6.023	6.370	10.458	9.903	8.622	7.176	6.205	7.326	7.148	6.745	6.388	5.589	6.101	5.923	5.488	5.427	5.256	0.4787	0.0000	0.0	1	-12.472	0.000	3.0076375008	1
	0.003000	10.0414	0.6792480946	0.6790	-0.4818	3.7278	4.6148	5.974	6.315	10.301	9.762	8.508	7.088	6.153	7.248	7.081	6.685	6.333	5.544	6.049	5.873	5.444	5.383	5.215	0.4787	0.0000	0.0	1	-12.435	0.000	3.0105395317	1
	0.003000	10.0414	0.6933531165	0.6931	-0.4251	3.7357	4.5987	5.833	6.157	9.859	9.366	8.185	6.838	5.999	7.026	6.887	6.510	6.173	5.409	5.898	5.729	5.311	5.254	5.092	0.4787	0.0000	0.0	1	-12.330	0.000	3.0187706947	1
	0.003000	10.0414	0.7079639435	0.7077	-0.3658	3.7437	4.5803	5.685	5.992	9.407	8.961	7.856	6.580	5.840	6.797	6.686	6.329	6.006	5.269	5.741	5.577	5.173	5.117	4.963	0.4787	0.0000	0.0	1	-12.226	0.000	3.0269615650	1
	0.003000	10.0414	0.7210426927	0.7208	-0.3122	3.7506	4.5622	5.550	5.843	9.014	8.608	7.567	6.353	5.696	6.593	6.506	6.166	5.857	5.141	5.600	5.441	5.047	4.994	4.846	0.4787	0.0000	0.0	1	-12.134	0.000	3.0340204239	1
	0.003000	10.0414	0.7292481065	0.7289	-0.2781	3.7548	4.5499	5.465	5.751	8.798	8.409	7.402	6.223	5.607	6.473	6.397	6.067	5.765	5.063	5.513	5.357	4.970	4.918	4.774	0.4787	0.0000	0.0	1	-12.075	0.000	3.0383236408	1
	0.003000	10.0414	0.7306290269	0.7303	-0.2723	3.7554	4.5476	5.451	5.736	8.763	8.377	7.376	6.202	5.592	6.453	6.379	6.051	5.750	5.050	5.499	5.343	4.957	4.905	4.762	0.4787	0.0000	0.0	1	-12.065	0.000	3.0390386581	1
	0.003000	10.0414	0.7405698299	0.7402	-0.2303	3.7600	4.5296	5.346	5.623	8.516	8.149	7.185	6.048	5.483	6.309	6.247	5.931	5.638	4.952	5.392	5.239	4.860	4.810	4.670	0.4787	0.0000	0.0	1	-11.994	0.000	3.0441093445	1
	0.003000	10.0414	0.7496061325	0.7492	-0.1914	3.7640	4.5120	5.248	5.519	8.294	7.944	7.013	5.909	5.383	6.178	6.127	5.820	5.535	4.861	5.293	5.143	4.771	4.721	4.585	0.4787	0.0000	0.0	1	-11.930	0.000	3.0486056805	1
	0.003000	10.0414	0.7586398125	0.7582	-0.1518	3.7678	4.4929	5.150	5.414	8.075	7.742	6.843	5.770	5.281	6.047	6.006	5.708	5.430	4.768	5.193	5.045	4.679	4.631	4.498	0.4787	0.0000	0.0	1	-11.867	0.000	3.0529966354	1
	0.003000	10.0414	0.7710438371	0.7706	-0.0958	3.7728	4.4640	5.010	5.266	7.782	7.469	6.612	5.579	5.137	5.865	5.837	5.551	5.283	4.636	5.051	4.907	4.548	4.501	4.373	0.4787	0.0000	0.0	1	-11.784	0.000	3.0588634014	1
	0.003000	10.0414	0.7792481184	0.7788	-0.0576	3.7760	4.4430	4.914	5.166	7.597	7.297	6.464	5.456	5.039	5.746	5.724	5.446	5.183	4.546	4.955	4.813	4.459	4.413	4.287	0.4787	0.0000	0.0	1	-11.733	0.000	3.0626442432	1
	0.003000	10.0414	0.7873852849	0.7869	-0.0184	3.7787	4.4189	4.816	5.065	7.436	7.144	6.329	5.341	4.940	5.631	5.613	5.340	5.082	4.453	4.857	4.716	4.367	4.322	4.198	0.4787	0.0000	0.0	1	-11.685	0.000	3.0663185120	1
	0.003000	10.0414	0.7956555486	0.7951	0.0232	3.7812	4.3922	4.712	4.958	7.272	6.987	6.190	5.222	4.835	5.511	5.496	5.229	4.975	4.354	4.753	4.614	4.269	4.224	4.103	0.4787	0.0000	0.0	1	-11.640	0.000	3.0699784756	1
	0.003000	10.0414	0.8037278056	0.8031	0.0655	3.7836	4.3637	4.606	4.849	7.112	6.834	6.053	5.103	4.728	5.390	5.378	5.116	4.866	4.253	4.647	4.510	4.169	4.125	4.005	0.4787	0.0000	0.0	1	-11.602	0.000	3.0734775066	1
	0.003000	10.0414	0.8143991232	0.8137	0.1234	3.7863	4.3224	4.462	4.701	6.905	6.635	5.873	4.944	4.582	5.228	5.219	4.963	4.718	4.113	4.502	4.367	4.030	3.987	3.869	0.4787	0.0000	0.0	1	-11.559	0.000	3.0779943466	1
	0.003000	10.0414	0.8243963718	0.8236	0.1795	3.7882	4.2790	4.321	4.558	6.723	6.459	5.710	4.796	4.440	5.075	5.068	4.817	4.575	3.977	4.361	4.227	3.894	3.851	3.735	0.4787	0.0000	0.0	1	-11.530	0.000	3.0821170807	1
	0.003000	10.0414	0.8292481303	0.8285	0.2085	3.7889	4.2552	4.249	4.485	6.635	6.373	5.630	4.722	4.367	4.998	4.991	4.742	4.501	3.905	4.288	4.155	3.823	3.780	3.665	0.4787	0.0000	0.0	1	-11.520	0.000	3.0840811729	1
	0.003000	10.0414	0.8317291141	0.8309	0.2235	3.7892	4.2429	4.211	4.447	6.590	6.329	5.589	4.683	4.329	4.958	4.951	4.703	4.463	3.868	4.251	4.118	3.786	3.743	3.629	0.4787	0.0000	0.0	1	-11.516	0.000	3.0850765705	1
	0.003000	10.0414	0.8350908160	0.8342	0.2450	3.7895	4.2243	4.157	4.392	6.530	6.270	5.532	4.630	4.275	4.902	4.895	4.648	4.409	3.815	4.197	4.064	3.733	3.690	3.576	0.4787	0.0000	0.0	1	-11.512	0.000	3.0864155293	1
	0.003000	10.0414	0.8390902281	0.8382	0.2716	3.7896	4.1999	4.091	4.326	6.464	6.205	5.467	4.565	4.209	4.834	4.828	4.581	4.342	3.749	4.130	3.997	3.666	3.624	3.509	0.4787	0.0000	0.0	1	-11.509	0.000	3.0879940987	1
	0.003000	10.0414	0.8471789956	0.8462	0.3295	3.7884	4.1416	3.946	4.182	6.348	6.086	5.342	4.434	4.064	4.695	4.686	4.437	4.198	3.602	3.985	3.852	3.519	3.477	3.361	0.4787	0.0000	0.1	1	-11.509	0.000	3.0911400318	1
	0.003000	10.0414	0.8537338376	0.8527	0.3809	3.7859	4.0833	3.818	4.057	6.279	6.011	5.250	4.326	3.936	4.579	4.567	4.315	4.071	3.469	3.856	3.721	3.385	3.342	3.224	0.4787	0.0000	0.1	1	-11.516	0.000	3.0936448574	2
	0.003000	10.0414	0.8585613370	0.8574	0.4234	3.7815	4.0259	3.711	3.955	6.273	5.993	5.204	4.251	3.832	4.497	4.480	4.219	3.970	3.354	3.750	3.613	3.270	3.226	3.104	0.4787	0.0000	0.1	1	-11.525	0.000	3.0954642296	2
	0.003000	10.0414	0.8625881076	0.8614	0.4611	3.7748	3.9631	3.617	3.869	6.338	6.039	5.203	4.203	3.740	4.441	4.416	4.143	3.884	3.248	3.657	3.515	3.162	3.115	2.988	0.4787	0.0000	0.1	1	-11.535	0.000	3.0969660282	2
	0.003000	10.0414	0.8654308319	0.8641	0.4869	3.7661	3.9042	3.553	3.819	6.538	6.203	5.293	4.227	3.684	4.445	4.400	4.108	3.833	3.171	3.596	3.449	3.082	3.033	2.899	0.4787	0.0000	0.1	1	-11.543	0.000	3.0980176926	2
	0.003000	10.0414	0.8676040769	0.8663	0.5046	3.7553	3.8443	3.509	3.793	6.821	6.441	5.437	4.289	3.649	4.486	4.418	4.100	3.807	3.112	3.558	3.404	3.020	2.967	2.823	0.4787	0.0000	0.1	1	-11.550	0.000	3.0988168716	2
	0.003000	10.0414	0.8691683412	0.8678	0.5207	3.7449	3.7875	3.468	3.772	7.133	6.699	5.594	4.365	3.622	4.538	4.444	4.100	3.788	3.060	3.527	3.366	2.965	2.909	2.756	0.4787	0.0000	0.1	1	-11.556	0.000	3.0993895531	2
	0.003000	10.0414	0.8705430627	0.8691	0.5479	3.7355	3.7231	3.400	3.725	7.424	6.930	5.725	4.419	3.568	4.563	4.440	4.072	3.742	2.983	3.470	3.303	2.886	2.827	2.665	0.4787	0.0000	0.1	1	-11.561	0.000	3.0998911858	2
	0.003000	10.0414	0.8716148138	0.8702	0.5839	3.7293	3.6628	3.310	3.648	7.571	7.038	5.765	4.408	3.488	4.534	4.393	4.009	3.668	2.888	3.388	3.216	2.789	2.729	2.560	0.4787	0.0000	0.1	1	-11.565	0.000	3.1002810001	2
	0.003000	10.0414	0.8724798560	0.8710	0.6217	3.7251	3.6089	3.216	3.563	7.634	7.076	5.756	4.366	3.400	4.480	4.327	3.932	3.583	2.790	3.298	3.124	2.690	2.628	2.456	0.4787	0.0000	0.1	1	-11.569	0.000	3.1005949974	3
	0.003000	10.0414	0.8732755780	0.8718	0.6656	3.7223	3.5541	3.106	3.461	7.656	7.072	5.717	4.300	3.297	4.401	4.239	3.837	3.483	2.681	3.195	3.018	2.580	2.517	2.342	0.4787	0.0000	0.1	1	-11.572	0.000	3.1008832455	3
	0.003000	10.0414	0.8740410209	0.8725	0.7126	3.7200	3.4982	2.988	3.350	7.647	7.042	5.657	4.219	3.184	4.309	4.139	3.731	3.373	2.563	3.082	2.904	2.461	2.398	2.221	0.4787	0.0000	0.2	1	-11.575	0.000	3.1011600494	3
	0.003000	10.0414	0.8747684956	0.8732	0.7618	3.7181	3.4417	2.866	3.232	7.625	7.002	5.589	4.130	3.065	4.208	4.031	3.618	3.257	2.440	2.963	2.784	2.338	2.273	2.094	0.4787	0.0000	0.2	1	-11.579	0.000	3.1014225483	3
	0.003000	10.0414	0.8754398227	0.8738	0.8111	3.7164	3.3860	2.742	3.113	7.589	6.950	5.514	4.035	2.945	4.104	3.920	3.503	3.139	2.316	2.843	2.663	2.214	2.149	1.968	0.4787	0.0000	0.2	1	-11.582	0.000	3.1016645432	3
	0.003000	10.0414	0.8759450316	0.8742	0.8512	3.7152	3.3411	2.642	3.016	7.556	6.905	5.450	3.957	2.848	4.018	3.830	3.409	3.042	2.216	2.745	2.564	2.113	2.047	1.865	0.4787	0.0000	0.2	1	-11.584	0.000	3.1018462181	3
	0.003000	10.0414	0.8764318824	0.8747	0.8929	3.7139	3.2946	2.538	2.916	7.520	6.857	5.383	3.876	2.746	3.928	3.736	3.312	2.942	2.111	2.643	2.461	2.008	1.942	1.759	0.4787	0.0000	0.2	1	-11.586	0.000	3.1020212173	3
	0.003000	10.0414	0.8770191669	0.8752	0.9475	3.7123	3.2338	2.401	2.784	7.471	6.792	5.293	3.768	2.613	3.810	3.612	3.184	2.811	1.975	2.510	2.327	1.871	1.805	1.619	0.4787	0.0000	0.2	1	-11.588	0.000	3.1022322178	3
	0.003000	10.0414	0.8775394559	0.8757	1.0005	3.7107	3.1746	2.269	2.656	7.425	6.730	5.207	3.664	2.484	3.696	3.492	3.060	2.684	1.842	2.381	2.197	1.738	1.671	1.484	0.4787	0.0000	0.3	1	-11.591	0.000	3.1024186611	3
	0.003000	10.0414	0.8779830933	0.8760	1.0498	3.7091	3.1190	2.145	2.537	7.387	6.676	5.129	3.568	2.364	3.592	3.382	2.945	2.566	1.719	2.261	2.075	1.614	1.546	1.358	0.4787	0.0000	0.3	1	-11.593	0.000	3.1025776863	3
	0.003000	10.0414	0.8784081340	0.8764	1.1018	3.7074	3.0603	2.016	2.412	7.348	6.621	5.048	3.468	2.238	3.482	3.266	2.824	2.442	1.588	2.134	1.948	1.483	1.415	1.225	0.4787	0.0000	0.3	1	-11.594	0.000	3.1027295589	3
	0.003000	10.0414	0.8787046671	0.8766	1.1412	3.7060	3.0155	1.917	2.317	7.322	6.581	4.987	3.393	2.143	3.400	3.179	2.733	2.348	1.490	2.039	1.851	1.384	1.315	1.124	0.4787	0.0000	0.4	1	-11.596	0.000	3.1028356552	3
	0.003000	10.0414	0.8790544271	0.8768	1.1922	3.7041	2.9571	1.790	2.195	7.300	6.542	4.919	3.300	2.020	3.295	3.068	2.616	2.227	1.362	1.915	1.726	1.256	1.186	0.993	0.4787	0.0000	0.4	1	-11.597	0.000	3.1029605865	3
	0.003000	10.0414	0.8792481422	0.8770	1.2221	3.7030	2.9227	1.715	2.123	7.289	6.521	4.880	3.246	1.947	3.235	3.003	2.547	2.156	1.287	1.842	1.652	1.180	1.110	0.916	0.4787	0.0000	0.4	1	-11.598	0.000	3.1030297279	3
	0.003000	10.0414	0.8792583346	0.8770	1.2237	3.7029	2.9209	1.711	2.119	7.289	6.520	4.878	3.243	1.943	3.232	2.999	2.544	2.152	1.283	1.838	1.649	1.176	1.106	0.912	0.4787	0.0000	0.4	1	-11.598	0.000	3.1030333042	3
	0.003000	10.0414	0.8795540929	0.8772	1.2739	3.7009	2.8629	1.585	1.999	7.274	6.487	4.815	3.154	1.822	3.131	2.891	2.429	2.033	1.157	1.717	1.525	1.049	0.979	0.782	0.4787	0.0000	0.5	1	-11.599	0.000	3.1031389236	3
	0.003000	10.0414	0.8798079491	0.8773	1.3211	3.6990	2.8079	1.467	1.888	7.264	6.464	4.765	3.075	1.709	3.039	2.791	2.323	1.923	1.039	1.604	1.411	0.932	0.860	0.661	0.4787	0.0000	0.5	1	-11.600	0.000	3.1032292843	3
	0.003000	10.0414	0.8800442815	0.8774	1.3691	3.6969	2.7519	1.347	1.775	7.254	6.444	4.720	2.998	1.595	2.948	2.691	2.217	1.813	0.920	1.490	1.296	0.812	0.740	0.539	0.4787	0.0000	0.6	1	-11.601	0.000	3.1033136845	3
	0.003000	10.0414	0.8802464008	0.8775	1.4138	3.6950	2.6993	1.236	1.670	7.247	6.429	4.682	2.927	1.490	2.864	2.599	2.118	1.710	0.810	1.385	1.189	0.702	0.629	0.425	0.4787	0.0000	0.6	1	-11.601	0.000	3.1033856869	3
	0.003000	10.0414	0.8804419637	0.8775	1.4608	3.6928	2.6436	1.118	1.560	7.243	6.416	4.643	2.855	1.379	2.777	2.503	2.015	1.602	0.694	1.274	1.076	0.585	0.511	0.306	0.4787	0.0000	0.7	1	-11.602	0.000	3.1034553051	3
	0.003000	10.0414	0.8806146979	0.8775	1.5059	3.6907	2.5901	1.005	1.455	7.239	6.404	4.607	2.786	1.272	2.694	2.411	1.917	1.500	0.583	1.168	0.969	0.473	0.399	0.191	0.4787	0.0000	0.7	1	-11.602	0.000	3.1035165787	3
	0.003000	10.0414	0.8807757497	0.8775	1.5513	3.6884	2.5357	0.892	1.349	7.240	6.397	4.574	2.719	1.166	2.613	2.320	1.818	1.396	0.471	1.061	0.861	0.361	0.286	0.075	0.4787	0.0000	0.8	1	-11.602	0.000	3.1035740376	3
	0.003000	10.0414	0.8809184432	0.8775	1.5948	3.6863	2.4836	0.783	1.248	7.240	6.392	4.545	2.655	1.064	2.536	2.233	1.724	1.297	0.364	0.959	0.757	0.253	0.177	-0.036	0.4787	0.0000	0.9	1	-11.603	0.000	3.1036248207	3
	0.003000	10.0414	0.8810499310	0.8774	1.6379	3.6840	2.4314	0.675	1.148	7.248	6.398	4.525	2.598	0.963	2.462	2.149	1.632	1.200	0.257	0.858	0.654	0.146	0.069	-0.146	0.4787	0.0000	1.0	1	-11.603	0.000	3.1036715508	3
	0.003000	10.0414	0.8811755776	0.8774	1.6816	3.6817	2.3786	0.566	1.047	7.254	6.403	4.506	2.539	0.861	2.388	2.064	1.539	1.102	0.150	0.756	0.550	0.038	-0.040	-0.258	0.4787	0.0000	1.1	1	-11.603	0.000	3.1037161350	3
	0.003000	10.0414	0.8812929392	0.8772	1.7231	3.6795	2.3278	0.462	0.951	7.262	6.411	4.491	2.486	0.764	2.319	1.985	1.451	1.009	0.047	0.659	0.452	-0.065	-0.144	-0.365	0.4787	0.0000	1.2	1	-11.603	0.000	3.1037578583	3
	0.003000	10.0414	0.8814259171	0.8771	1.7614	3.6775	2.2816	0.367	0.863	7.263	6.414	4.473	2.435	0.674	2.254	1.911	1.370	0.922	-0.047	0.570	0.361	-0.160	-0.240	-0.462	0.4787	0.0000	1.3	1	-11.602	0.000	3.1038050652	3
	0.003000	10.0414	0.8815048337	0.8769	1.7765	3.6767	2.2635	0.329	0.827	7.261	6.413	4.465	2.414	0.639	2.228	1.881	1.337	0.888	-0.084	0.534	0.325	-0.198	-0.277	-0.501	0.4787	0.0000	1.3	1	-11.602	0.000	3.1038329601	3
	0.003000	10.0414	0.8816278577	0.8768	1.7434	3.6792	2.3063	0.412	0.901	7.229	6.381	4.457	2.444	0.714	2.273	1.938	1.403	0.959	-0.003	0.609	0.402	-0.116	-0.195	-0.416	0.4787	0.0000	1.2	1	-11.600	0.000	3.1038765907	3
	0.003000	10.0414	0.8816496134	0.8767	1.7352	3.6798	2.3169	0.432	0.920	7.222	6.374	4.456	2.452	0.733	2.285	1.952	1.419	0.977	0.017	0.628	0.421	-0.096	-0.174	-0.394	0.4787	0.0000	1.2	1	-11.600	0.000	3.1038844585	3
	0.003000	10.0414	0.8817294836	0.8766	1.7723	3.6777	2.2712	0.339	0.834	7.231	6.384	4.444	2.406	0.646	2.224	1.882	1.341	0.894	-0.075	0.542	0.333	-0.188	-0.267	-0.490	0.4787	0.0000	1.3	1	-11.600	0.000	3.1039128304	3
	0.003000	10.0414	0.8818177581	0.8765	1.8147	3.6753	2.2191	0.233	0.737	7.240	6.396	4.432	2.354	0.548	2.156	1.802	1.253	0.799	-0.179	0.443	0.232	-0.293	-0.373	-0.598	0.4787	0.0000	1.4	1	-11.600	0.000	3.1039440632	3
	0.003000	10.0414	0.8819028735	0.8763	1.8580	3.6727	2.1655	0.125	0.640	7.223	6.410	4.437	2.305	0.450	2.088	1.723	1.165	0.706	-0.283	0.346	0.133	-0.398	-0.479	-0.707	0.4787	0.0000	1.5	1	-11.600	0.000	3.1039743423	3
	0.003000	10.0414	0.8819807768	0.8761	1.9005	3.6702	2.1128	0.019	0.544	7.205	6.426	4.446	2.259	0.354	2.023	1.646	1.080	0.616	-0.385	0.251	0.036	-0.500	-0.583	-0.814	0.4787	0.0000	1.7	1	-11.600	0.000	3.1040019989	3
	0.003000	10.0414	0.8820545077	0.8758	1.9435	3.6676	2.0592	-0.089	0.448	7.185	6.443	4.456	2.213	0.257	1.957	1.569	0.994	0.524	-0.488	0.155	-0.062	-0.604	-0.688	-0.922	0.4787	0.0000	1.8	1	-11.599	0.000	3.1040279865	3
	0.003000	10.0414	0.8821209669	0.8755	1.9852	3.6650	2.0069	-0.193	0.355	7.167	6.462	4.470	2.172	0.163	1.896	1.496	0.912	0.436	-0.587	0.063	-0.156	-0.704	-0.789	-1.027	0.4787	0.0000	2.0	1	-11.599	0.000	3.1040515900	3
	0.003000	10.0414	0.8821827769	0.8752	2.0269	3.6623	1.9546	-0.297	0.263	7.148	6.485	4.492	2.134	0.069	1.836	1.424	0.830	0.348	-0.687	-0.030	-0.251	-0.804	-0.891	-1.132	0.4787	0.0000	2.2	1	-11.599	0.000	3.1040735245	3
	0.003000	10.0414	0.8822393417	0.8749	2.0679	3.6597	1.9028	-0.400	0.172	7.131	6.512	4.518	2.100	-0.022	1.780	1.355	0.751	0.262	-0.785	-0.121	-0.344	-0.903	-0.991	-1.235	0.4787	0.0000	2.4	1	-11.598	0.000	3.1040935516	3
	0.003000	10.0414	0.8822919130	0.8745	2.1090	3.6570	1.8509	-0.502	0.081	7.111	6.536	4.544	2.066	-0.114	1.724	1.285	0.671	0.176	-0.883	-0.211	-0.437	-1.002	-1.091	-1.338	0.4787	0.0000	2.6	1	-11.598	0.000	3.1041121483	3
	0.003000	10.0414	0.8823395371	0.8741	2.1491	3.6543	1.7997	-0.603	-0.008	7.094	6.565	4.573	2.035	-0.203	1.671	1.219	0.594	0.092	-0.979	-0.300	-0.528	-1.098	-1.188	-1.439	0.4787	0.0000	2.9	1	-11.598	0.000	3.1041290760	3
	0.003000	10.0414	0.8823845387	0.8736	2.1900	3.6516	1.7479	-0.705	-0.098	7.073	6.590	4.602	2.003	-0.294	1.617	1.151	0.516	0.007	-1.076	-0.390	-0.620	-1.196	-1.288	-1.542	0.4787	0.0000	3.2	1	-11.597	0.000	3.1041450500	3
	0.003000	10.0414	0.8824256063	0.8731	2.2300	3.6489	1.6965	-0.805	-0.185	7.047	6.619	4.650	1.979	-0.382	1.567	1.088	0.442	-0.074	-1.170	-0.476	-0.708	-1.291	-1.384	-1.642	0.4787	0.0000	3.5	1	-11.597	0.000	3.1041595936	3
	0.003000	10.0414	0.8824636340	0.8726	2.2699	3.6461	1.6454	-0.905	-0.270	7.005	6.642	4.716	1.959	-0.468	1.519	1.027	0.371	-0.152	-1.262	-0.559	-0.794	-1.384	-1.479	-1.741	0.4787	0.0000	3.8	1	-11.597	0.000	3.1041729450	3
	0.003000	10.0414	0.8824985623	0.8720	2.3093	3.6434	1.5946	-1.003	-0.354	6.965	6.666	4.786	1.942	-0.553	1.474	0.967	0.301	-0.229	-1.353	-0.641	-0.879	-1.476	-1.572	-1.838	0.4787	0.0000	4.1	1	-11.597	0.000	3.1041853428	3
	0.003000	10.0414	0.8825384378	0.8712	2.3580	3.6399	1.5318	-1.125	-0.457	6.915	6.693	4.871	1.922	-0.657	1.417	0.895	0.216	-0.324	-1.465	-0.743	-0.983	-1.589	-1.687	-1.958	0.4787	0.0000	4.6	1	-11.598	0.000	3.1041996479	3
	0.003000	10.0414	0.8825684190	0.8705	2.3977	3.6371	1.4805	-1.224	-0.541	6.874	6.714	4.946	1.909	-0.742	1.374	0.837	0.147	-0.400	-1.557	-0.825	-1.068	-1.681	-1.781	-2.055	0.4787	0.0000	5.0	1	-11.598	0.000	3.1042101383	3
	0.003000	10.0414	0.8826014400	0.8695	2.4451	3.6336	1.4186	-1.343	-0.641	6.828	6.740	5.047	1.901	-0.842	1.327	0.772	0.067	-0.490	-1.666	-0.922	-1.169	-1.791	-1.893	-2.172	0.4787	0.0000	5.6	1	-11.599	0.000	3.1042218208	3
	0.003000	10.0414	0.8826324940	0.8685	2.4939	3.6300	1.3549	-1.465	-0.744	6.779	6.763	5.149	1.894	-0.946	1.280	0.704	-0.016	-0.583	-1.778	-1.023	-1.273	-1.905	-2.008	-2.293	0.4787	0.0000	6.2	1	-11.601	0.000	3.1042327881	3
	0.003000	10.0414	0.8826560974	0.8675	2.5340	3.6271	1.3026	-1.565	-0.828	6.738	6.779	5.234	1.889	-1.031	1.241	0.650	-0.084	-0.659	-1.870	-1.105	-1.358	-1.997	-2.103	-2.392	0.4787	0.0000	6.8	1	-11.602	0.000	3.1042411327	3
	0.003000	10.0414	0.8826819062	0.8663	2.5810	3.6235	1.2406	-1.683	-0.925	6.690	6.780	5.355	1.898	-1.128	1.203	0.592	-0.158	-0.744	-1.976	-1.198	-1.455	-2.105	-2.212	-2.507	0.4787	0.0000	7.6	1	-11.605	0.000	3.1042504311	3
	0.003000	10.0414	0.8827063441	0.8649	2.6295	3.6198	1.1765	-1.804	-1.022	6.637	6.753	5.499	1.923	-1.226	1.171	0.538	-0.228	-0.826	-2.083	-1.290	-1.551	-2.214	-2.324	-2.624	0.4787	0.0000	8.5	1	-11.609	0.000	3.1042590141	3
	0.003000	10.0414	0.8827295303	0.8632	2.6793	3.6161	1.1112	-1.928	-1.123	6.580	6.716	5.633	1.944	-1.328	1.135	0.481	-0.301	-0.912	-2.194	-1.386	-1.652	-2.326	-2.439	-2.745	0.4787	0.0000	9.5	1	-11.614	0.000	3.1042671204	3
	0.003000	10.0414	0.8827494383	0.8616	2.7256	3.6124	1.0492	-2.044	-1.215	6.531	6.684	5.772	1.973	-1.420	1.108	0.433	-0.366	-0.990	-2.296	-1.473	-1.743	-2.430	-2.544	-2.857	0.4787	0.0000	10.6	1	-11.620	0.000	3.1042742729	3
	0.003000	10.0414	0.8827684522	0.8596	2.7735	3.6086	0.9851	-2.164	-1.309	6.482	6.646	5.913	2.007	-1.516	1.083	0.385	-0.433	-1.069	-2.401	-1.562	-1.837	-2.536	-2.654	-2.973	0.4787	0.0000	11.9	1	-11.629	0.000	3.1042809486	3
	0.003000	10.0414	0.8827864528	0.8574	2.8225	3.6047	0.9196	-2.286	-1.407	6.432	6.599	6.051	2.046	-1.614	1.060	0.339	-0.499	-1.150	-2.509	-1.654	-1.933	-2.646	-2.766	-3.092	0.4787	0.0000	13.3	1	-11.574	0.000	3.1042873859	3
	0.003000	10.0414	0.8828026652	0.8550	2.8705	3.6009	0.8552	-2.406	-1.501	6.384	6.551	6.184	2.087	-1.709	1.039	0.295	-0.564	-1.229	-2.615	-1.743	-2.027	-2.753	-2.875	-3.208	0.4787	0.0000	14.9	1	-11.105	0.000	3.1042931080	3
	0.003000	10.0414	0.8828176856	0.8523	2.9181	3.5969	0.7903	-2.525	-1.588	6.342	6.473	6.230	2.135	-1.797	1.027	0.264	-0.612	-1.292	-2.714	-1.819	-2.108	-2.854	-2.980	-3.322	0.4787	0.0000	16.7	1	-10.635	0.000	3.1042983532	3
	0.003000	10.0414	0.8828317523	0.8493	2.9664	3.5930	0.7246	-2.646	-1.675	6.298	6.384	6.240	2.179	-1.884	1.015	0.234	-0.657	-1.353	-2.813	-1.894	-2.188	-2.956	-3.086	-3.438	0.4787	0.0000	19.7	1	-10.162	0.000	3.1043033600	3
	0.003000	10.0414	0.8828453422	0.8457	3.0164	3.5889	0.6566	-2.771	-1.765	6.251	6.289	6.241	2.221	-1.975	1.000	0.202	-0.706	-1.417	-2.916	-1.972	-2.272	-3.061	-3.195	-3.558	0.4787	0.0000	22.2	1	-9.677	0.000	3.1043081284	3
	0.003000	10.0414	0.8828571439	0.8420	3.0630	3.5849	0.5917	-2.888	-1.847	6.212	6.203	6.243	2.268	-2.057	0.993	0.177	-0.745	-1.472	-3.010	-2.041	-2.346	-3.157	-3.295	-3.668	0.4787	0.0000	24.9	1	-9.220	0.000	3.1043124199	3
	0.003000	10.0414	0.8828687072	0.8376	3.1119	3.5806	0.5237	-3.010	-1.932	6.169	6.111	6.237	2.314	-2.143	0.983	0.150	-0.788	-1.531	-3.108	-2.114	-2.425	-3.257	-3.400	-3.784	0.4787	0.0000	28.1	1	-8.746	0.000	3.1043164730	3
	0.003000	10.0414	0.8828795552	0.8325	3.1616	3.5763	0.4539	-3.134	-2.019	6.128	6.017	6.224	2.364	-2.230	0.978	0.127	-0.828	-1.588	-3.207	-2.186	-2.503	-3.358	-3.506	-3.901	0.4787	0.0000	31.8	1	-8.269	0.000	3.1043202877	3
	0.003000	10.0414	0.8828895092	0.8268	3.2104	3.5718	0.3843	-3.256	-2.067	6.108	5.938	6.133	2.344	-2.279	0.977	0.152	-0.804	-1.567	-3.276	-2.187	-2.507	-3.432	-3.592	-4.015	0.4787	0.0000	36.1	1	-7.804	0.000	3.1043238640	3
	0.003000	10.0414	0.8828986883	0.8205	3.2581	3.5672	0.3149	-3.375	-2.097	6.098	5.868	6.008	2.288	-2.310	0.974	0.196	-0.752	-1.512	-3.328	-2.154	-2.476	-3.492	-3.667	-4.126	0.4787	0.0000	40.9	1	-7.353	0.000	3.1043272018	3
	0.003000	10.0414	0.8829072714	0.8133	3.3054	3.5626	0.2453	-3.494	-2.126	6.084	5.799	5.878	2.219	-2.340	0.964	0.235	-0.701	-1.456	-3.379	-2.119	-2.444	-3.549	-3.740	-4.235	0.4787	0.0000	46.4	1	-6.915	0.000	3.1043300629	3
	0.003000	10.0414	0.8829157352	0.8046	3.3525	3.5582	0.1759	-3.611	-2.159	6.063	5.728	5.744	2.136	-2.373	0.942	0.263	-0.658	-1.408	-3.432	-2.091	-2.418	-3.609	-3.814	-4.344	0.4787	0.0000	114.2	0	-8.351	0.000	3.1043331623	3
	0.003000	10.0414	0.8829175830	0.8025	3.3619	3.5573	0.1616	-3.635	-2.165	6.058	5.714	5.716	2.118	-2.379	0.938	0.269	-0.649	-1.397	-3.442	-2.084	-2.411	-3.621	-3.829	-4.366	0.4787	0.0000	117.9	0	-8.238	0.000	3.1043338776	4
	0.003000	10.0414	0.8829175830	0.8023	1.7253	3.7135	2.4231	0.457	0.834	5.775	5.093	3.522	1.908	0.661	1.857	1.654	1.227	0.857	0.024	0.557	0.375	-0.079	-0.145	-0.329	0.4787	0.0000	1.0	1	-11.609	0.000	3.1043338776	4
	0.003000	10.0414	0.8829852343	0.8024	1.7391	3.7125	2.4053	0.422	0.803	5.793	5.103	3.518	1.891	0.629	1.835	1.628	1.198	0.826	-0.011	0.524	0.341	-0.114	-0.181	-0.366	0.4787	0.0000	1.0	1	-11.609	0.000	3.1043577194	4
	0.003000	10.0414	0.8830474615	0.8025	1.7423	3.7123	2.4015	0.414	0.795	5.795	5.103	3.516	1.886	0.621	1.830	1.621	1.191	0.819	-0.019	0.516	0.334	-0.122	-0.189	-0.374	0.4787	0.0000	1.0	1	-11.609	0.000	3.1043796539	4
	0.003000	10.0414	0.8831158876	0.8026	1.7437	3.7125	2.4007	0.411	0.791	5.785	5.095	3.509	1.880	0.617	1.824	1.617	1.187	0.815	-0.022	0.513	0.330	-0.126	-0.192	-0.377	0.4787	0.0000	1.0	1	-11.608	0.000	3.1044039726	4
	0.003000	10.0414	0.8831789494	0.8026	1.7436	3.7129	2.4023	0.411	0.790	5.768	5.081	3.500	1.875	0.617	1.820	1.614	1.185	0.814	-0.022	0.512	0.330	-0.125	-0.192	-0.376	0.4787	0.0000	1.0	1	-11.608	0.000	3.1044261456	4
	0.003000	10.0414	0.8832421303	0.8027	1.7426	3.7134	2.4055	0.413	0.791	5.746	5.063	3.489	1.869	0.618	1.816	1.611	1.184	0.814	-0.019	0.513	0.331	-0.123	-0.189	-0.373	0.4787	0.0000	1.0	1	-11.608	0.000	3.1044485569	4
	0.003000	10.0414	0.8833076358	0.8028	1.7411	3.7140	2.4096	0.417	0.793	5.719	5.042	3.476	1.863	0.620	1.811	1.609	1.184	0.816	-0.016	0.516	0.334	-0.119	-0.184	-0.368	0.4787	0.0000	1.0	1	-11.607	0.000	3.1044716835	4
	0.003000	10.0414	0.8833723664	0.8028	1.7394	3.7147	2.4139	0.422	0.796	5.693	5.021	3.463	1.857	0.623	1.808	1.608	1.185	0.818	-0.011	0.519	0.338	-0.114	-0.180	-0.363	0.4787	0.0000	1.0	1	-11.607	0.000	3.1044945717	4
	0.003000	10.0414	0.8834350705	0.8029	1.7377	3.7153	2.4182	0.426	0.798	5.667	5.000	3.451	1.851	0.626	1.804	1.606	1.186	0.820	-0.007	0.521	0.341	-0.110	-0.175	-0.357	0.4787	0.0000	1.0	1	-11.607	0.000	3.1045167446	4
	0.003000	10.0414	0.8835002184	0.8030	1.7362	3.7159	2.4222	0.430	0.800	5.641	4.980	3.438	1.846	0.628	1.800	1.605	1.186	0.821	-0.003	0.524	0.344	-0.106	-0.171	-0.352	0.4787	0.0000	1.0	1	-11.606	0.000	3.1045398712	4
	0.003000	10.0414	0.8835680485	0.8031	1.7348	3.7165	2.4260	0.433	0.802	5.617	4.960	3.426	1.840	0.630	1.796	1.603	1.186	0.823	0.001	0.526	0.346	-0.102	-0.167	-0.348	0.4787	0.0000	1.0	1	-11.606	0.000	3.1045637131	4
	0.003000	10.0414	0.8836356997	0.8031	1.7336	3.7171	2.4294	0.436	0.803	5.594	4.942	3.415	1.834	0.632	1.792	1.601	1.186	0.824	0.004	0.528	0.349	-0.099	-0.163	-0.344	0.4787	0.0000	1.0	1	-11.606	0.000	3.1045877934	4
	0.003000	10.0414	0.8837017417	0.8032	1.7326	3.7175	2.4323	0.438	0.805	5.574	4.926	3.405	1.829	0.633	1.788	1.599	1.186	0.825	0.006	0.529	0.350	-0.096	-0.161	-0.341	0.4787	0.0000	1.0	1	-11.605	0.000	3.1046109200	4
	0.003000	10.0414	0.8837703466	0.8033	1.7318	3.7180	2.4350	0.440	0.805	5.555	4.910	3.395	1.824	0.634	1.785	1.597	1.185	0.825	0.008	0.530	0.352	-0.094	-0.158	-0.338	0.4787	0.0000	1.0	1	-11.605	0.000	3.1046352386	4
	0.003000	10.0414	0.8838179111	0.8033	1.7314	3.7183	2.4366	0.442	0.806	5.542	4.901	3.389	1.821	0.635	1.782	1.596	1.184	0.825	0.009	0.531	0.352	-0.093	-0.157	-0.336	0.4787	0.0000	1.0	1	-11.605	0.000	3.1046519279	4
	0.003000	10.0414	0.8838387728	0.8034	1.7313	3.7184	2.4372	0.442	0.806	5.537	4.897	3.387	1.819	0.635	1.781	1.595	1.184	0.825	0.010	0.531	0.353	-0.092	-0.157	-0.336	0.4787	0.0000	1.0	1	-11.604	0.000	3.1046593189	4
	0.003000	10.0414	0.8839076161	0.8034	1.7310	3.7187	2.4388	0.443	0.805	5.523	4.885	3.379	1.815	0.635	1.778	1.593	1.183	0.825	0.010	0.531	0.353	-0.091	-0.156	-0.335	0.4787	0.0000	1.0	1	-11.604	0.000	3.1046836376	4
	0.003000	10.0414	0.8839762211	0.8035	1.7310	3.7189	2.4398	0.443	0.805	5.511	4.875	3.373	1.811	0.634	1.775	1.591	1.182	0.824	0.010	0.530	0.353	-0.091	-0.155	-0.334	0.4787	0.0000	1.0	1	-11.604	0.000	3.1047079563	4
	0.003000	10.0414	0.8840451241	0.8036	1.7313	3.7191	2.4402	0.442	0.803	5.504	4.869	3.368	1.808	0.633	1.772	1.588	1.180	0.822	0.009	0.529	0.351	-0.092	-0.156	-0.335	0.4787	0.0000	1.0	1	-11.603	0.000	3.1047322750	4
	0.003000	10.0414	0.8841099739	0.8037	1.7320	3.7192	2.4397	0.440	0.801	5.500	4.865	3.365	1.806	0.631	1.770	1.586	1.178	0.820	0.008	0.527	0.350	-0.094	-0.158	-0.336	0.4787	0.0000	1.0	1	-11.603	0.000	3.1047551632	4
	0.003000	10.0414	0.8841734529	0.8037	1.7329	3.7192	2.4388	0.438	0.799	5.498	4.864	3.363	1.804	0.629	1.767	1.584	1.175	0.818	0.005	0.525	0.347	-0.096	-0.160	-0.339	0.4787	0.0000	1.0	1	-11.603	0.000	3.1047775745	4
	0.003000	10.0414	0.8842387199	0.8038	1.7344	3.7190	2.4369	0.434	0.796	5.501	4.865	3.363	1.802	0.625	1.765	1.581	1.172	0.815	0.002	0.522	0.344	-0.100	-0.164	-0.343	0.4787	0.0000	1.0	1	-11.602	0.000	3.1048004627	4
	0.003000	10.0414	0.8842860460	0.8039	1.7356	3.7189	2.4353	0.431	0.793	5.504	4.867	3.363	1.801	0.622	1.764	1.579	1.170	0.812	-0.001	0.519	0.341	-0.103	-0.167	-0.346	0.4787	0.0000	1.0	1	-11.602	0.000	3.1048171520	4
	0.003000	10.0414	0.8843061924	0.8039	1.7363	3.7188	2.4343	0.429	0.792	5.506	4.869	3.364	1.801	0.621	1.763	1.578	1.169	0.811	-0.003	0.517	0.339	-0.105	-0.169	-0.348	0.4787	0.0000	1.0	1	-11.602	0.000	3.1048243046	4
	0.003000	10.0414	0.8843667507	0.8040	1.7385	3.7186	2.4310	0.424	0.787	5.515	4.875	3.367	1.800	0.616	1.761	1.575	1.165	0.806	-0.009	0.512	0.334	-0.111	-0.175	-0.354	0.4787	0.0000	1.0	1	-11.602	0.000	3.1048457623	4
	0.003000	10.0414	0.8844256401	0.8040	1.7411	3.7182	2.4270	0.417	0.781	5.526	4.884	3.370	1.799	0.610	1.759	1.572	1.160	0.801	-0.015	0.507	0.328	-0.117	-0.181	-0.361	0.4787	0.0000	1.0	1	-11.602	0.000	3.1048665047	4
	0.003000	10.0414	0.8844862580	0.8041	1.7442	3.7178	2.4222	0.409	0.775	5.540	4.894	3.374	1.799	0.603	1.757	1.568	1.155	0.795	-0.023	0.500	0.321	-0.125	-0.190	-0.370	0.4787	0.0000	1.0	1	-11.601	0.000	3.1048879623	4
	0.003000	10.0414	0.8845474720	0.8042	1.7480	3.7172	2.4164	0.400	0.767	5.557	4.907	3.380	1.798	0.595	1.754	1.563	1.149	0.787	-0.033	0.491	0.312	-0.135	-0.199	-0.380	0.4787	0.0000	1.0	1	-11.601	0.000	3.1049094200	4
	0.003000	10.0414	0.8846089244	0.8042	1.7520	3.7167	2.4100	0.390	0.758	5.576	4.920	3.386	1.798	0.587	1.751	1.558	1.142	0.779	-0.043	0.482	0.303	-0.145	-0.210	-0.391	0.4787	0.0000	1.0	1	-11.601	0.000	3.1049311161	4
	0.003000	10.0414	0.8846697211	0.8043	1.7568	3.7160	2.4026	0.378	0.749	5.598	4.937	3.393	1.797	0.576	1.748	1.552	1.134	0.769	-0.055	0.472	0.292	-0.157	-0.222	-0.404	0.4787	0.0000	1.0	1	-11.601	0.000	3.1049525738	4
	0.003000	10.0414	0.8847296238	0.8044	1.7619	3.7153	2.3946	0.365	0.738	5.622	4.954	3.401	1.796	0.565	1.745	1.546	1.125	0.759	-0.068	0.461	0.280	-0.171	-0.236	-0.418	0.4787	0.0000	1.1	1	-11.600	0.000	3.1049735546	4
	0.003000	10.0414	0.8847895265	0.8044	1.7650	3.7149	2.3900	0.357	0.731	5.633	4.962	3.404	1.795	0.558	1.741	1.542	1.119	0.753	-0.076	0.454	0.273	-0.179	-0.244	-0.427	0.4787	0.0000	1.1	1	-11.600	0.000	3.1049947739	4
	0.003000	10.0414	0.8848523498	0.8045	1.7719	3.7141	2.3801	0.340	0.716	5.656	4.979	3.409	1.791	0.543	1.734	1.532	1.107	0.738	-0.093	0.438	0.257	-0.196	-0.262	-0.445	0.4787	0.0000	1.1	1	-11.600	0.000	3.1050169468	4
	0.003000	10.0414	0.8849118948	0.8046	1.7832	3.7125	2.3622	0.312	0.692	5.709	5.018	3.427	1.790	0.518	1.727	1.518	1.088	0.716	-0.122	0.413	0.231	-0.225	-0.291	-0.477	0.4787	0.0000	1.1	1	-11.600	0.000	3.1050379276	4
	0.003000	10.0414	0.8849730492	0.8047	1.8012	3.7101	2.3349	0.267	0.654	5.780	5.071	3.448	1.783	0.479	1.712	1.494	1.056	0.679	-0.167	0.373	0.189	-0.271	-0.338	-0.526	0.4787	0.0000	1.2	1	-11.600	0.000	3.1050593853	4
	0.003000	10.0414	0.8850323558	0.8047	1.8343	3.7061	2.2858	0.184	0.583	5.899	5.158	3.480	1.768	0.405	1.681	1.448	0.997	0.611	-0.250	0.299	0.111	-0.356	-0.424	-0.616	0.4787	0.0000	1.3	1	-11.600	0.000	3.1050803661	4
	0.003000	10.0414	0.8850650787	0.8048	1.8716	3.7017	2.2310	0.091	0.502	6.025	5.251	3.514	1.749	0.323	1.646	1.396	0.930	0.533	-0.344	0.215	0.024	-0.451	-0.521	-0.717	0.4787	0.0000	1.4	1	-11.601	0.000	3.1050918102	4
	0.003000	10.0414	0.8850809336	0.8048	1.9093	3.6974	2.1759	-0.003	0.422	6.138	5.347	3.561	1.737	0.241	1.612	1.345	0.864	0.458	-0.437	0.133	-0.061	-0.545	-0.617	-0.817	0.4787	0.0000	1.5	1	-11.601	0.000	3.1050972939	4
	0.003000	10.0414	0.8850882649	0.8048	1.9469	3.6931	2.1213	-0.097	0.343	6.237	5.441	3.614	1.728	0.160	1.581	1.294	0.799	0.384	-0.528	0.052	-0.145	-0.637	-0.710	-0.915	0.4787	0.0000	1.7	1	-11.602	0.000	3.1050999165	4
	0.003000	10.0414	0.8850919008	0.8048	1.9850	3.6890	2.0668	-0.193	0.263	6.327	5.529	3.664	1.717	0.078	1.547	1.242	0.733	0.308	-0.620	-0.030	-0.230	-0.730	-0.805	-1.015	0.4787	0.0000	1.9	1	-11.603	0.000	3.1051013470	4
	0.003000	10.0414	0.8850938678	0.8048	2.0216	3.6852	2.0150	-0.284	0.185	6.404	5.607	3.706	1.703	-0.002	1.512	1.191	0.668	0.234	-0.708	-0.109	-0.313	-0.820	-0.896	-1.110	0.4787	0.0000	2.0	1	-11.605	0.000	3.1051018238	4
	0.003000	10.0414	0.8850950599	0.8048	2.0558	3.6817	1.9668	-0.370	0.111	6.471	5.679	3.749	1.692	-0.076	1.481	1.144	0.608	0.165	-0.791	-0.183	-0.390	-0.903	-0.981	-1.199	0.4787	0.0000	2.2	1	-11.606	0.000	3.1051023006	7
	0.003000	10.0414	0.8850950599	0.8048	2.0560	3.6817	1.9665	-0.370	0.111	6.471	5.680	3.749	1.692	-0.077	1.481	1.143	0.607	0.165	-0.792	-0.184	-0.390	-0.904	-0.982	-1.199	0.4787	0.0000	2.2	1	-11.606	0.000	3.1051023006	7
	0.003000	10.0414	0.8850963116	0.8048	2.1010	3.6774	1.9043	-0.483	0.014	6.544	5.766	3.800	1.674	-0.175	1.437	1.079	0.526	0.074	-0.901	-0.282	-0.492	-1.014	-1.094	-1.316	0.4787	0.0000	2.5	1	-11.608	0.000	3.1051027775	7
	0.003000	10.0414	0.8850975037	0.8048	2.1444	3.6733	1.8445	-0.591	-0.079	6.589	5.844	3.859	1.659	-0.269	1.395	1.018	0.450	-0.013	-1.005	-0.376	-0.589	-1.119	-1.201	-1.428	0.4787	0.0000	2.7	1	-11.609	0.000	3.1051032543	7
	0.003000	10.0414	0.8851000071	0.8048	2.1818	3.6700	1.7938	-0.685	-0.157	6.599	5.905	3.918	1.646	-0.349	1.357	0.964	0.385	-0.086	-1.093	-0.454	-0.670	-1.208	-1.291	-1.522	0.4787	0.0000	3.0	1	-11.611	0.000	3.1051042080	7
	0.003000	10.0414	0.8851028085	0.8048	2.1549	3.6726	1.8312	-0.617	-0.101	6.587	5.854	3.868	1.651	-0.293	1.381	1.000	0.430	-0.034	-1.030	-0.398	-0.612	-1.144	-1.226	-1.454	0.4787	0.0000	2.8	1	-11.610	0.000	3.1051051617	7
	0.003000	10.0414	0.8851322532	0.8048	2.1312	3.6746	1.8629	-0.558	-0.051	6.582	5.819	3.834	1.661	-0.242	1.407	1.035	0.472	0.012	-0.974	-0.348	-0.561	-1.088	-1.169	-1.395	0.4787	0.0000	2.6	1	-11.609	0.000	3.1051154137	7
	0.003000	10.0414	0.8851606250	0.8049	2.1699	3.6708	1.8092	-0.655	-0.131	6.602	5.894	3.907	1.655	-0.323	1.372	0.984	0.407	-0.061	-1.064	-0.428	-0.644	-1.179	-1.262	-1.492	0.4787	0.0000	2.9	1	-11.610	0.000	3.1051254272	7
	0.003000	10.0414	0.8851815462	0.8049	2.2117	3.6668	1.7512	-0.759	-0.218	6.620	5.973	3.986	1.647	-0.411	1.335	0.928	0.337	-0.141	-1.162	-0.514	-0.733	-1.278	-1.362	-1.597	0.4787	0.0000	3.2	1	-11.613	0.000	3.1051328182	7
	0.003000	10.0414	0.8851956129	0.8049	2.2440	3.6637	1.7067	-0.840	-0.286	6.632	6.031	4.045	1.641	-0.479	1.306	0.885	0.283	-0.202	-1.237	-0.581	-0.802	-1.353	-1.439	-1.678	0.4787	0.0000	3.5	1	-11.615	0.000	3.1051378250	7
	0.003000	10.0414	0.8852127194	0.8049	2.2800	3.6604	1.6575	-0.930	-0.361	6.640	6.090	4.106	1.633	-0.556	1.273	0.835	0.221	-0.272	-1.320	-0.656	-0.880	-1.438	-1.526	-1.769	0.4787	0.0000	3.8	1	-11.617	0.000	3.1051437855	7
	0.003000	10.0414	0.8852299452	0.8049	2.3194	3.6568	1.6036	-1.029	-0.444	6.646	6.154	4.173	1.624	-0.639	1.236	0.782	0.154	-0.348	-1.413	-0.739	-0.965	-1.531	-1.620	-1.868	0.4787	0.0000	4.1	1	-11.620	0.000	3.1051497459	7
	0.003000	10.0414	0.8852455616	0.8050	2.3594	3.6532	1.5491	-1.128	-0.527	6.651	6.218	4.241	1.615	-0.724	1.200	0.728	0.085	-0.425	-1.506	-0.822	-1.052	-1.625	-1.716	-1.969	0.4787	0.0000	4.6	1	-11.623	0.000	3.1051552296	7
	0.003000	10.0414	0.8852598667	0.8050	2.3999	3.6495	1.4939	-1.230	-0.612	6.649	6.278	4.315	1.608	-0.810	1.164	0.674	0.017	-0.503	-1.600	-0.906	-1.139	-1.720	-1.813	-2.070	0.4787	0.0000	5.0	1	-11.627	0.000	3.1051604748	7
	0.003000	10.0414	0.8852728009	0.8050	2.4409	3.6458	1.4382	-1.332	-0.695	6.622	6.330	4.436	1.616	-0.894	1.133	0.625	-0.046	-0.575	-1.692	-0.986	-1.222	-1.814	-1.909	-2.171	0.4787	0.0000	5.5	1	-11.631	0.000	3.1051650047	7
	0.003000	10.0414	0.8852845430	0.8050	2.4821	3.6421	1.3821	-1.435	-0.778	6.595	6.380	4.560	1.626	-0.978	1.104	0.577	-0.109	-0.648	-1.785	-1.067	-1.306	-1.908	-2.005	-2.272	0.4787	0.0000	6.1	1	-11.636	0.000	3.1051690578	7
	0.003000	10.0414	0.8852950931	0.8050	2.5233	3.6384	1.3260	-1.538	-0.861	6.567	6.426	4.683	1.637	-1.062	1.075	0.529	-0.171	-0.721	-1.877	-1.147	-1.390	-2.002	-2.100	-2.373	0.4787	0.0000	6.7	1	-11.642	0.000	3.1051728725	7
	0.003000	10.0414	0.8853046298	0.8050	2.5640	3.6347	1.2704	-1.640	-0.943	6.539	6.469	4.806	1.649	-1.144	1.048	0.482	-0.233	-0.793	-1.969	-1.226	-1.473	-2.094	-2.195	-2.473	0.4787	0.0000	7.4	1	-11.648	0.000	3.1051762104	7
	0.003000	10.0414	0.8853135109	0.8050	2.6047	3.6310	1.2150	-1.742	-1.025	6.510	6.508	4.929	1.662	-1.227	1.021	0.436	-0.295	-0.864	-2.060	-1.306	-1.556	-2.187	-2.290	-2.573	0.4787	0.0000	8.2	1	-11.656	0.000	3.1051793098	7
	0.003000	10.0414	0.8853218555	0.8050	2.6454	3.6273	1.1596	-1.843	-1.107	6.480	6.544	5.050	1.676	-1.310	0.995	0.391	-0.356	-0.936	-2.151	-1.385	-1.638	-2.279	-2.384	-2.673	0.4787	0.0000	9.0	1	-11.664	0.000	3.1051821709	7
	0.003000	10.0414	0.8853298426	0.8051	2.6861	3.6236	1.1041	-1.945	-1.187	6.448	6.559	5.185	1.700	-1.391	0.973	0.349	-0.414	-1.004	-2.241	-1.462	-1.719	-2.370	-2.477	-2.772	0.4787	0.0000	9.9	1	-11.673	0.000	3.1051850319	7
	0.003000	10.0414	0.8853377104	0.8051	2.7272	3.6198	1.0479	-2.048	-1.265	6.413	6.544	5.341	1.742	-1.470	0.959	0.314	-0.465	-1.068	-2.330	-1.535	-1.797	-2.460	-2.570	-2.871	0.4787	0.0000	10.9	1	-11.684	0.000	3.1051876545	7
	0.003000	10.0414	0.8853452206	0.8051	2.7694	3.6160	0.9904	-2.153	-1.346	6.376	6.523	5.495	1.784	-1.552	0.945	0.278	-0.518	-1.134	-2.421	-1.610	-1.877	-2.553	-2.665	-2.972	0.4787	0.0000	12.1	1	-11.696	0.000	3.1051905155	7
	0.003000	10.0414	0.8853521347	0.8051	2.8110	3.6122	0.9336	-2.258	-1.425	6.343	6.496	5.647	1.834	-1.631	0.935	0.247	-0.568	-1.197	-2.511	-1.684	-1.955	-2.644	-2.759	-3.072	0.4787	0.0000	13.4	1	-11.548	0.000	3.1051928997	7
	0.003000	10.0414	0.8853585720	0.8051	2.8561	3.6081	0.8720	-2.370	-1.511	6.307	6.465	5.810	1.890	-1.718	0.927	0.214	-0.621	-1.265	-2.607	-1.763	-2.040	-2.743	-2.860	-3.181	0.4787	0.0000	14.9	1	-11.112	0.000	3.1051950455	7
	0.003000	10.0414	0.8853635788	0.8051	2.9038	3.6036	0.8066	-2.489	-1.601	6.269	6.428	5.980	1.951	-1.808	0.919	0.181	-0.677	-1.337	-2.710	-1.847	-2.128	-2.847	-2.967	-3.295	0.4787	0.0000	16.8	1	-10.652	0.000	3.1051969528	7
	0.003000	10.0414	0.8853672147	0.8051	2.9480	3.5995	0.7459	-2.600	-1.683	6.235	6.385	6.118	2.009	-1.892	0.914	0.153	-0.726	-1.401	-2.803	-1.922	-2.209	-2.943	-3.066	-3.401	0.4787	0.0000	18.7	1	-10.228	0.000	3.1051981449	7
	0.003000	10.0414	0.8853704333	0.8051	2.9927	3.5953	0.6843	-2.712	-1.759	6.204	6.306	6.141	2.069	-1.968	0.915	0.136	-0.758	-1.450	-2.892	-1.985	-2.277	-3.033	-3.161	-3.508	0.4787	0.0000	20.8	1	-9.802	0.000	3.1051993370	7
	0.003000	10.0414	0.8853734732	0.8051	3.0386	3.5909	0.6207	-2.827	-1.836	6.172	6.224	6.158	2.129	-2.046	0.916	0.119	-0.791	-1.499	-2.983	-2.049	-2.347	-3.126	-3.259	-3.617	0.4787	0.0000	23.3	1	-9.365	0.000	3.1052002907	7
	0.003000	10.0414	0.8853760362	0.8051	3.0788	3.5870	0.5649	-2.927	-1.903	6.144	6.152	6.169	2.181	-2.113	0.918	0.105	-0.818	-1.541	-3.061	-2.104	-2.407	-3.207	-3.343	-3.711	0.4787	0.0000	25.8	1	-8.986	0.000	3.1052012444	7
	0.003000	10.0414	0.8853788376	0.8051	3.1289	3.5820	0.4949	-3.052	-1.986	6.111	6.061	6.176	2.249	-2.196	0.923	0.090	-0.851	-1.591	-3.158	-2.171	-2.481	-3.306	-3.448	-3.829	0.4787	0.0000	29.3	1	-8.517	0.000	3.1052021980	7
	0.003000	10.0414	0.8853809237	0.8051	3.1793	3.5766	0.4228	-3.178	-2.065	6.085	5.971	6.182	2.329	-2.276	0.939	0.086	-0.873	-1.634	-3.253	-2.233	-2.550	-3.404	-3.552	-3.947	0.4787	0.0000	33.4	1	-8.042	0.000	3.1052029133	7
	0.003000	10.0414	0.8853813410	0.8051	3.2192	3.5722	0.3656	-3.278	-2.097	6.081	5.912	6.117	2.330	-2.309	0.953	0.122	-0.839	-1.603	-3.304	-2.221	-2.542	-3.459	-3.618	-4.038	0.4787	0.0000	37.1	1	-7.671	0.000	3.1052031517	7
	0.003000	10.0414	0.8853815794	0.8051	3.2427	3.5697	0.3318	-3.337	-2.106	6.082	5.881	6.054	2.304	-2.318	0.958	0.153	-0.803	-1.565	-3.325	-2.196	-2.517	-3.485	-3.652	-4.092	0.4787	0.0000	39.4	1	-7.456	0.000	3.1052031517	7
	0.003000	10.0414	0.8853818774	0.8051	3.2667	3.5671	0.2975	-3.397	-2.116	6.082	5.849	5.989	2.275	-2.329	0.960	0.183	-0.767	-1.527	-3.348	-2.170	-2.493	-3.511	-3.687	-4.147	0.4787	0.0000	42.0	1	-7.239	0.000	3.1052033901	7
	0.003000	10.0414	0.8853824139	0.8051	3.2997	3.5634	0.2499	-3.479	-2.128	6.081	5.805	5.896	2.228	-2.341	0.961	0.223	-0.716	-1.472	-3.377	-2.132	-2.457	-3.546	-3.734	-4.223	0.4787	0.0000	45.9	1	-6.944	0.000	3.1052033901	7
	0.003000	10.0414	0.8853826523	0.8051	3.3052	3.5629	0.2421	-3.493	-2.131	6.080	5.797	5.880	2.220	-2.344	0.960	0.229	-0.709	-1.465	-3.382	-2.127	-2.452	-3.552	-3.742	-4.235	0.4787	0.0000	46.6	1	-6.896	0.000	3.1052036285	7
	0.003000	10.0414	0.8853826523	0.8051	3.3052	3.5629	0.2421	-3.493	-2.130	6.080	5.797	5.880	2.220	-2.344	0.961	0.229	-0.709	-1.464	-3.382	-2.126	-2.451	-3.552	-3.742	-4.235	0.4787	0.5279	46.6	1	-6.896	0.000	3.1052036285	7
	0.003000	10.0414	0.8853826523	0.8520	3.2984	3.5646	0.2806	-3.476	-2.148	6.055	5.795	5.901	2.215	-2.361	0.934	0.184	-0.758	-1.515	-3.391	-2.169	-2.493	-3.559	-3.742	-4.222	0.4711	0.5279	41.8	1	-7.215	-0.038	3.1052036285	8
	0.003000	10.0414	0.8853828311	0.8528	3.3020	3.5643	0.2759	-3.485	-2.150	6.055	5.790	5.891	2.210	-2.363	0.934	0.188	-0.753	-1.509	-3.395	-2.165	-2.489	-3.562	-3.747	-4.230	0.4708	0.5280	42.1	1	-7.188	-0.040	3.1052036285	8
	0.003000	10.0414	0.8853829503	0.8535	3.3055	3.5639	0.2712	-3.494	-2.151	6.055	5.785	5.881	2.204	-2.364	0.933	0.192	-0.748	-1.504	-3.398	-2.161	-2.485	-3.566	-3.752	-4.238	0.4705	0.5282	42.5	1	-7.162	-0.043	3.1052036285	8
	0.003000	10.0414	0.8853831291	0.8543	3.3091	3.5635	0.2665	-3.503	-2.152	6.055	5.781	5.870	2.199	-2.366	0.933	0.196	-0.742	-1.498	-3.401	-2.157	-2.482	-3.570	-3.758	-4.246	0.4703	0.5283	42.9	1	-7.136	-0.045	3.1052038670	8
	0.003000	10.0414	0.8853833079	0.8550	3.3126	3.5631	0.2617	-3.512	-2.154	6.054	5.776	5.860	2.193	-2.367	0.933	0.200	-0.737	-1.493	-3.404	-2.153	-2.478	-3.574	-3.763	-4.254	0.4700	0.5284	43.3	1	-7.110	-0.048	3.1052038670	8
	0.003000	10.0414	0.8853834867	0.8558	3.3162	3.5627	0.2570	-3.520	-2.155	6.054	5.771	5.850	2.188	-2.369	0.933	0.203	-0.732	-1.487	-3.408	-2.149	-2.474	-3.578	-3.768	-4.262	0.4697	0.5285	43.7	1	-7.084	-0.050	3.1052038670	8
	0.003000	10.0414	0.8853836060	0.8565	3.3197	3.5623	0.2523	-3.529	-2.157	6.053	5.766	5.840	2.182	-2.370	0.932	0.207	-0.727	-1.481	-3.411	-2.146	-2.471	-3.581	-3.773	-4.271	0.4694	0.5286	44.1	1	-7.059	-0.053	3.1052038670	8
	0.003000	10.0414	0.8853837848	0.8573	3.3233	3.5619	0.2476	-3.538	-2.158	6.053	5.761	5.830	2.176	-2.372	0.932	0.211	-0.722	-1.476	-3.414	-2.142	-2.467	-3.585	-3.778	-4.279	0.4691	0.5287	44.4	1	-7.033	-0.055	3.1052038670	8
	0.003000	10.0414	0.8853839636	0.8581	3.3268	3.5616	0.2429	-3.547	-2.160	6.052	5.757	5.819	2.171	-2.373	0.931	0.215	-0.717	-1.470	-3.417	-2.138	-2.463	-3.589	-3.783	-4.287	0.4688	0.5288	44.8	1	-7.007	-0.058	3.1052041054	8
	0.003000	10.0414	0.8853841424	0.8588	3.3304	3.5612	0.2382	-3.556	-2.161	6.052	5.752	5.809	2.165	-2.375	0.931	0.219	-0.712	-1.465	-3.421	-2.134	-2.460	-3.593	-3.788	-4.295	0.4685	0.5289	45.2	1	-6.982	-0.060	3.1052041054	8
	0.003000	10.0414	0.8853842616	0.8596	3.3339	3.5608	0.2335	-3.565	-2.163	6.051	5.747	5.799	2.159	-2.376	0.930	0.222	-0.707	-1.459	-3.424	-2.130	-2.456	-3.597	-3.793	-4.303	0.4682	0.5290	45.7	1	-6.957	-0.063	3.1052041054	8
	0.003000	10.0414	0.8853844404	0.8603	3.3375	3.5604	0.2288	-3.574	-2.164	6.051	5.742	5.788	2.153	-2.378	0.930	0.226	-0.702	-1.454	-3.427	-2.126	-2.452	-3.601	-3.798	-4.311	0.4679	0.5291	46.1	1	-6.931	-0.065	3.1052041054	8
	0.003000	10.0414	0.8853846192	0.8611	3.3410	3.5600	0.2241	-3.583	-2.166	6.050	5.737	5.778	2.147	-2.380	0.929	0.230	-0.697	-1.448	-3.430	-2.123	-2.449	-3.604	-3.804	-4.319	0.4676	0.5292	46.5	1	-6.906	-0.068	3.1052043438	8
	0.003000	10.0414	0.8853847980	0.8619	3.3446	3.5596	0.2194	-3.591	-2.167	6.050	5.732	5.767	2.140	-2.381	0.928	0.233	-0.692	-1.443	-3.434	-2.119	-2.445	-3.608	-3.809	-4.327	0.4673	0.5294	46.9	1	-6.881	-0.070	3.1052043438	8
	0.003000	10.0414	0.8853849173	0.8626	3.3481	3.5592	0.2146	-3.600	-2.169	6.049	5.728	5.757	2.134	-2.383	0.927	0.237	-0.687	-1.437	-3.437	-2.115	-2.441	-3.612	-3.814	-4.335	0.4670	0.5295	47.3	1	-6.856	-0.073	3.1052043438	8
	0.003000	10.0414	0.8853850961	0.8634	3.3517	3.5589	0.2099	-3.609	-2.170	6.048	5.723	5.746	2.128	-2.384	0.926	0.240	-0.682	-1.432	-3.440	-2.111	-2.438	-3.616	-3.819	-4.343	0.4667	0.5296	47.7	1	-6.831	-0.075	3.1052043438	8
	0.003000	10.0414	0.8853852749	0.8641	3.3552	3.5585	0.2052	-3.618	-2.171	6.048	5.718	5.736	2.121	-2.386	0.926	0.244	-0.677	-1.426	-3.443	-2.107	-2.434	-3.620	-3.824	-4.352	0.4664	0.5297	48.2	1	-6.807	-0.078	3.1052045822	8
	0.003000	10.0414	0.8853853941	0.8649	3.3588	3.5581	0.2005	-3.627	-2.173	6.047	5.713	5.725	2.115	-2.387	0.925	0.247	-0.672	-1.421	-3.447	-2.104	-2.430	-3.624	-3.829	-4.360	0.4661	0.5298	48.6	1	-6.782	-0.080	3.1052045822	8
	0.003000	10.0414	0.8853855729	0.8657	3.3623	3.5577	0.1958	-3.636	-2.174	6.046	5.708	5.714	2.108	-2.389	0.924	0.251	-0.667	-1.415	-3.450	-2.100	-2.427	-3.627	-3.834	-4.368	0.4658	0.5299	49.0	1	-6.757	-0.083	3.1052045822	8
	0.003000	10.0414	0.8853857517	0.8664	3.3659	3.5573	0.1911	-3.645	-2.176	6.045	5.703	5.704	2.102	-2.390	0.923	0.254	-0.662	-1.410	-3.453	-2.096	-2.423	-3.631	-3.839	-4.376	0.4655	0.5300	111.0	0	-8.666	-0.085	3.1052045822	8
	0.003000	10.0414	0.8853859305	0.8672	3.3694	3.5569	0.1864	-3.654	-2.177	6.045	5.698	5.693	2.095	-2.392	0.922	0.257	-0.657	-1.404	-3.456	-2.092	-2.419	-3.635	-3.844	-4.384	0.4652	0.5301	112.1	0	-8.634	-0.088	3.1052048206	8
	0.003000	10.0414	0.8853860497	0.8679	3.3730	3.5565	0.1817	-3.662	-2.179	6.044	5.693	5.682	2.088	-2.393	0.920	0.261	-0.652	-1.399	-3.460	-2.088	-2.416	-3.639	-3.850	-4.392	0.4649	0.5302	113.3	0	-8.602	-0.091	3.1052048206	8
	0.003000	10.0414	0.8853862286	0.8687	3.3765	3.5561	0.1769	-3.671	-2.180	6.043	5.689	5.671	2.081	-2.395	0.919	0.264	-0.648	-1.393	-3.463	-2.085	-2.412	-3.643	-3.855	-4.400	0.4646	0.5303	114.5	0	-8.570	-0.093	3.1052048206	8
	0.003000	10.0414	0.8853864074	0.8694	3.3801	3.5558	0.1722	-3.680	-2.182	6.042	5.684	5.661	2.074	-2.397	0.918	0.267	-0.643	-1.388	-3.466	-2.081	-2.409	-3.646	-3.860	-4.408	0.4643	0.5305	115.8	0	-8.537	-0.096	3.1052048206	8
	0.003000	10.0414	0.8853865862	0.8702	3.3836	3.5554	0.1675	-3.689	-2.183	6.041	5.679	5.650	2.067	-2.398	0.917	0.270	-0.638	-1.382	-3.469	-2.077	-2.405	-3.650	-3.865	-4.416	0.4640	0.5306	117.0	0	-8.505	-0.098	3.1052050591	8
	0.003000	10.0414	0.8853867054	0.8710	3.3872	3.5550	0.1628	-3.698	-2.185	6.040	5.674	5.639	2.060	-2.400	0.915	0.273	-0.633	-1.377	-3.473	-2.073	-2.401	-3.654	-3.870	-4.424	0.4637	0.5307	118.2	0	-8.473	-0.101	3.1052050591	8
	0.003000	10.0414	0.8853868842	0.8717	3.3907	3.5546	0.1581	-3.707	-2.186	6.039	5.669	5.628	2.053	-2.401	0.914	0.277	-0.628	-1.372	-3.476	-2.070	-2.398	-3.658	-3.875	-4.432	0.4634	0.5308	119.5	0	-8.441	-0.103	3.1052050591	8
	0.003000	10.0414	0.8853870630	0.8690	3.3932	3.5542	0.1526	-3.713	-2.185	6.041	5.667	5.620	2.048	-2.400	0.916	0.283	-0.620	-1.363	-3.476	-2.062	-2.391	-3.659	-3.877	-4.438	0.4634	0.5310	120.9	0	-8.392	-0.103	3.1052050591	8
	0.003000	10.0414	0.8853873014	0.8662	3.3956	3.5538	0.1472	-3.719	-2.183	6.043	5.665	5.611	2.044	-2.398	0.917	0.289	-0.612	-1.354	-3.476	-2.055	-2.384	-3.660	-3.880	-4.443	0.4634	0.5312	122.4	0	-8.343	-0.103	3.1052052975	8
	0.003000	10.0414	0.8853874803	0.8635	3.3981	3.5534	0.1417	-3.725	-2.182	6.045	5.663	5.603	2.039	-2.397	0.919	0.296	-0.604	-1.345	-3.477	-2.048	-2.377	-3.660	-3.882	-4.448	0.4634	0.5314	123.9	0	-8.294	-0.104	3.1052052975	8
	0.003000	10.0414	0.8853877187	0.8607	3.4006	3.5530	0.1362	-3.731	-2.180	6.047	5.661	5.594	2.034	-2.395	0.920	0.302	-0.596	-1.337	-3.477	-2.041	-2.370	-3.661	-3.884	-4.454	0.4634	0.5316	125.4	0	-8.245	-0.104	3.1052052975	8
	0.003000	10.0414	0.8853878975	0.8580	3.4031	3.5526	0.1307	-3.738	-2.179	6.049	5.659	5.586	2.029	-2.394	0.922	0.308	-0.588	-1.328	-3.477	-2.034	-2.363	-3.662	-3.886	-4.459	0.4634	0.5318	126.9	0	-8.196	-0.104	3.1052055359	8
	0.003000	10.0414	0.8853881359	0.8552	3.4055	3.5522	0.1253	-3.744	-2.177	6.051	5.657	5.577	2.024	-2.392	0.923	0.314	-0.580	-1.319	-3.478	-2.027	-2.356	-3.663	-3.888	-4.464	0.4634	0.5320	128.4	0	-8.147	-0.104	3.1052055359	8
	0.003000	10.0414	0.8853883147	0.8525	3.4080	3.5518	0.1198	-3.750	-2.176	6.053	5.655	5.569	2.019	-2.391	0.924	0.320	-0.572	-1.310	-3.478	-2.020	-2.349	-3.664	-3.891	-4.470	0.4634	0.5322	130.0	0	-8.097	-0.104	3.1052055359	8
	0.003000	10.0414	0.8853884935	0.8497	3.4105	3.5514	0.1143	-3.756	-2.174	6.055	5.653	5.560	2.014	-2.390	0.925	0.326	-0.564	-1.302	-3.478	-2.013	-2.342	-3.665	-3.893	-4.475	0.4634	0.5323	131.5	0	-8.048	-0.105	3.1052055359	8
	0.003000	10.0414	0.8853887320	0.8470	3.4129	3.5510	0.1088	-3.762	-2.173	6.057	5.651	5.552	2.009	-2.388	0.927	0.332	-0.556	-1.293	-3.478	-2.006	-2.336	-3.666	-3.895	-4.480	0.4634	0.5325	133.1	0	-7.999	-0.105	3.1052057743	8
	0.003000	10.0414	0.8853889108	0.8442	3.4154	3.5506	0.1033	-3.769	-2.171	6.059	5.649	5.543	2.004	-2.387	0.928	0.338	-0.548	-1.284	-3.479	-1.999	-2.329	-3.667	-3.897	-4.486	0.4634	0.5327	134.7	0	-7.949	-0.105	3.1052057743	8
	0.003000	10.0414	0.8853891492	0.8415	3.4179	3.5502	0.0978	-3.775	-2.170	6.061	5.647	5.534	1.998	-2.385	0.929	0.344	-0.540	-1.276	-3.479	-1.992	-2.322	-3.667	-3.900	-4.491	0.4634	0.5329	136.4	0	-7.900	-0.105	3.1052057743	8
	0.003000	10.0414	0.8853893280	0.8387	3.4203	3.5497	0.0923	-3.781	-2.167	6.065	5.647	5.536	2.000	-2.382	0.935	0.355	-0.528	-1.263	-3.477	-1.982	-2.312	-3.665	-3.899	-4.495	0.4634	0.5331	138.0	0	-7.851	-0.105	3.1052060127	8
	0.003000	10.0414	0.8853895664	0.8360	3.4228	3.5493	0.0868	-3.787	-2.163	6.072	5.649	5.544	2.007	-2.378	0.943	0.368	-0.513	-1.248	-3.475	-1.969	-2.299	-3.661	-3.898	-4.498	0.4634	0.5333	139.7	0	-7.801	-0.106	3.1052060127	8
	0.003000	10.0414	0.8853897452	0.8332	3.4253	3.5489	0.0812	-3.793	-2.159	6.078	5.651	5.552	2.014	-2.374	0.952	0.382	-0.499	-1.233	-3.472	-1.957	-2.287	-3.657	-3.897	-4.501	0.4634	0.5335	141.4	0	-7.751	-0.106	3.1052060127	8
	0.003000	10.0414	0.8853899240	0.8305	3.4277	3.5485	0.0757	-3.799	-2.154	6.085	5.653	5.560	2.020	-2.370	0.961	0.395	-0.484	-1.219	-3.470	-1.944	-2.275	-3.653	-3.895	-4.505	0.4634	0.5337	143.1	0	-7.702	-0.106	3.1052062511	8
	0.003000	10.0414	0.8853901625	0.8278	3.4302	3.5481	0.0702	-3.806	-2.150	6.091	5.655	5.568	2.027	-2.366	0.970	0.409	-0.469	-1.204	-3.467	-1.932	-2.263	-3.649	-3.894	-4.508	0.4634	0.5339	144.9	0	-7.652	-0.106	3.1052062511	8
	0.003000	10.0414	0.8853903413	0.8250	3.4327	3.5477	0.0647	-3.812	-2.146	6.097	5.657	5.576	2.034	-2.362	0.979	0.422	-0.455	-1.189	-3.465	-1.919	-2.251	-3.645	-3.893	-4.511	0.4634	0.5341	146.7	0	-7.602	-0.106	3.1052062511	8
	0.003000	10.0414	0.8853905797	0.8223	3.4352	3.5473	0.0591	-3.818	-2.142	6.104	5.660	5.584	2.040	-2.358	0.988	0.436	-0.440	-1.174	-3.462	-1.907	-2.239	-3.641	-3.891	-4.514	0.4634	0.5343	148.4	0	-7.552	-0.107	3.1052064896	8
	0.003000	10.0414	0.8853907585	0.8195	3.4376	3.5469	0.0536	-3.824	-2.138	6.110	5.662	5.592	2.047	-2.354	0.997	0.449	-0.425	-1.159	-3.460	-1.894	-2.227	-3.637	-3.890	-4.517	0.4634	0.5345	150.3	0	-7.502	-0.107	3.1052064896	8
	0.003000	10.0414	0.8853909373	0.8168	3.4401	3.5465	0.0480	-3.830	-2.134	6.116	5.664	5.600	2.054	-2.350	1.005	0.463	-0.411	-1.144	-3.457	-1.882	-2.214	-3.633	-3.889	-4.521	0.4634	0.5347	152.1	0	-7.452	-0.107	3.1052064896	8
	0.003000	10.0414	0.8853911757	0.8140	3.4426	3.5461	0.0425	-3.836	-2.130	6.123	5.666	5.608	2.060	-2.346	1.014	0.476	-0.396	-1.130	-3.455	-1.869	-2.202	-3.629	-3.887	-4.524	0.4634	0.5349	154.0	0	-7.402	-0.107	3.1052064896	8
	0.003000	10.0414	0.8853913546	0.8113	3.4450	3.5457	0.0369	-3.843	-2.126	6.129	5.668	5.616	2.067	-2.342	1.023	0.490	-0.382	-1.115	-3.452	-1.857	-2.190	-3.625	-3.886	-4.527	0.4634	0.5351	155.8	0	-7.352	-0.107	3.1052067280	8
	0.003000	10.0414	0.8853915930	0.8085	3.4475	3.5453	0.0314	-3.849	-2.122	6.135	5.670	5.624	2.073	-2.338	1.032	0.503	-0.367	-1.100	-3.450	-1.845	-2.178	-3.621	-3.885	-4.530	0.4634	0.5353	157.8	0	-7.301	-0.107	3.1052067280	8
	0.003000	10.0414	0.8853917718	0.8058	3.4500	3.5449	0.0258	-3.855	-2.118	6.142	5.672	5.632	2.080	-2.334	1.041	0.517	-0.352	-1.085	-3.447	-1.832	-2.166	-3.617	-3.883	-4.533	0.4634	0.5355	159.7	0	-7.251	-0.108	3.1052067280	8
	0.003000	10.0414	0.8853920102	0.8030	3.4524	3.5445	0.0202	-3.861	-2.114	6.148	5.674	5.640	2.087	-2.330	1.050	0.530	-0.338	-1.070	-3.445	-1.820	-2.154	-3.613	-3.882	-4.537	0.4634	0.5357	161.6	0	-7.201	-0.108	3.1052069664	8
	0.003000	10.0414	0.8853921890	0.8003	3.4549	3.5441	0.0146	-3.867	-2.109	6.155	5.676	5.648	2.093	-2.326	1.058	0.543	-0.323	-1.056	-3.442	-1.807	-2.142	-3.609	-3.881	-4.540	0.4634	0.5359	163.6	0	-7.150	-0.108	3.1052069664	8
	0.003000	10.0414	0.8853924274	0.7947	3.4577	3.5442	0.0093	-3.874	-2.120	6.144	5.666	5.637	2.082	-2.336	1.047	0.530	-0.336	-1.069	-3.452	-1.820	-2.154	-3.619	-3.890	-4.548	0.4634	0.5362	165.5	0	-7.092	-0.108	3.1052069664	8
	0.003000	10.0414	0.8853926659	0.7891	3.4605	3.5443	0.0040	-3.881	-2.130	6.133	5.657	5.625	2.072	-2.346	1.035	0.517	-0.350	-1.083	-3.462	-1.833	-2.167	-3.629	-3.899	-4.556	0.4634	0.5365	167.4	0	-7.033	-0.109	3.1052072048	8
	0.003000	10.0414	0.8853929043	0.7835	3.4633	3.5445	-0.0013	-3.888	-2.140	6.122	5.647	5.614	2.061	-2.356	1.024	0.504	-0.363	-1.096	-3.471	-1.846	-2.180	-3.640	-3.909	-4.564	0.4634	0.5368	169.3	0	-6.975	-0.109	3.1052072048	8
	0.003000	10.0414	0.8853931427	0.7780	3.4661	3.5446	-0.0067	-3.895	-2.150	6.111	5.638	5.602	2.049	-2.367	1.012	0.491	-0.377	-1.110	-3.481	-1.859	-2.193	-3.650	-3.918	-4.572	0.4634	0.5371	171.3	0	-6.915	-0.109	3.1052072048	8
	0.003000	10.0414	0.8853933811	0.7724	3.4688	3.5447	-0.0121	-3.902	-2.161	6.100	5.628	5.590	2.038	-2.377	1.000	0.477	-0.391	-1.124	-3.491	-1.872	-2.206	-3.660	-3.928	-4.580	0.4634	0.5374	173.3	0	-6.856	-0.109	3.1052074432	8
	0.003000	10.0414	0.8853936195	0.7668	3.4716	3.5449	-0.0175	-3.909	-2.171	6.089	5.618	5.578	2.026	-2.387	0.988	0.464	-0.405	-1.138	-3.501	-1.885	-2.219	-3.671	-3.937	-4.588	0.4634	0.5377	175.3	0	-6.796	-0.110	3.1052074432	8
	0.003000	10.0414	0.8853938580	0.7612	3.4744	3.5450	-0.0230	-3.916	-2.181	6.077	5.608	5.566	2.014	-2.398	0.976	0.450	-0.418	-1.151	-3.511	-1.898	-2.231	-3.681	-3.947	-4.596	0.4634	0.5380	177.4	0	-6.736	-0.110	3.1052074432	8
	0.003000	10.0414	0.8853940964	0.7557	3.4772	3.5451	-0.0284	-3.923	-2.192	6.066	5.599	5.553	2.003	-2.408	0.964	0.437	-0.432	-1.165	-3.521	-1.911	-2.244	-3.691	-3.956	-4.604	0.4634	0.5383	179.4	0	-6.675	-0.110	3.1052076817	8
	0.003000	10.0414	0.8853943348	0.7501	3.4800	3.5452	-0.0339	-3.930	-2.202	6.055	5.589	5.541	1.991	-2.418	0.952	0.424	-0.446	-1.179	-3.530	-1.924	-2.257	-3.702	-3.966	-4.612	0.4634	0.5386	181.6	0	-6.615	-0.110	3.1052076817	8
	0.003000	10.0414	0.8853945732	0.7445	3.4828	3.5454	-0.0395	-3.937	-2.213	6.044	5.579	5.529	1.979	-2.429	0.939	0.410	-0.460	-1.193	-3.540	-1.937	-2.270	-3.712	-3.975	-4.620	0.4634	0.5389	183.7	0	-6.554	-0.111	3.1052076817	8
	0.003000	10.0414	0.8853948116	0.7389	3.4856	3.5455	-0.0450	-3.944	-2.223	6.033	5.569	5.517	1.968	-2.439	0.927	0.397	-0.474	-1.207	-3.550	-1.950	-2.283	-3.722	-3.985	-4.628	0.4634	0.5392	185.9	0	-6.492	-0.111	3.1052079201	8
	0.003000	10.0414	0.8853950500	0.7333	3.4883	3.5456	-0.0506	-3.951	-2.233	6.022	5.560	5.505	1.956	-2.449	0.915	0.383	-0.487	-1.220	-3.560	-1.963	-2.296	-3.733	-3.994	-4.636	0.4634	0.5395	188.1	0	-6.430	-0.111	3.1052079201	8
	0.003000	10.0414	0.8853952885	0.7278	3.4911	3.5457	-0.0561	-3.958	-2.244	6.010	5.550	5.493	1.944	-2.460	0.903	0.370	-0.501	-1.234	-3.570	-1.976	-2.309	-3.743	-4.004	-4.644	0.4634	0.5398	190.4	0	-6.368	-0.111	3.1052079201	8
	0.003000	10.0414	0.8853955865	0.7222	3.4939	3.5459	-0.0618	-3.965	-2.254	5.999	5.540	5.481	1.933	-2.470	0.891	0.356	-0.515	-1.248	-3.580	-1.989	-2.322	-3.753	-4.013	-4.652	0.4634	0.5401	192.7	0	-6.306	-0.111	3.1052081585	8
	0.003000	10.0414	0.8853958249	0.7166	3.4967	3.5460	-0.0674	-3.972	-2.264	5.988	5.530	5.469	1.921	-2.481	0.879	0.343	-0.529	-1.262	-3.590	-2.002	-2.335	-3.764	-4.023	-4.660	0.4634	0.5404	195.0	0	-6.243	-0.112	3.1052081585	8
	0.003000	10.0414	0.8853960633	0.7110	3.4995	3.5461	-0.0731	-3.979	-2.275	5.977	5.520	5.456	1.909	-2.491	0.867	0.329	-0.543	-1.276	-3.599	-2.015	-2.348	-3.774	-4.032	-4.668	0.4634	0.5408	197.4	0	-6.180	-0.112	3.1052083969	8
	0.003000	10.0414	0.8853963017	0.7055	3.5023	3.5463	-0.0788	-3.986	-2.285	5.966	5.511	5.444	1.897	-2.501	0.855	0.315	-0.556	-1.290	-3.609	-2.028	-2.361	-3.784	-4.042	-4.676	0.4634	0.5411	199.8	0	-6.116	-0.112	3.1052083969	8
	0.003000	10.0414	0.8853965402	0.6999	3.5051	3.5464	-0.0845	-3.993	-2.296	5.954	5.501	5.432	1.886	-2.512	0.843	0.302	-0.570	-1.303	-3.619	-2.041	-2.374	-3.795	-4.051	-4.684	0.4634	0.5414	202.3	0	-6.052	-0.112	3.1052083969	8
	0.003000	10.0414	0.8853967786	0.6943	3.5078	3.5465	-0.0902	-4.000	-2.306	5.943	5.491	5.420	1.874	-2.522	0.830	0.288	-0.584	-1.317	-3.629	-2.054	-2.387	-3.805	-4.061	-4.692	0.4634	0.5417	204.8	0	-5.988	-0.113	3.1052086353	8
	0.003000	10.0414	0.8853970170	0.6887	3.5106	3.5466	-0.0960	-4.007	-2.316	5.932	5.481	5.407	1.862	-2.532	0.818	0.275	-0.598	-1.331	-3.639	-2.067	-2.400	-3.815	-4.070	-4.700	0.4634	0.5420	207.3	0	-5.923	-0.113	3.1052086353	8
	0.003000	10.0414	0.8853972554	0.6832	3.5134	3.5468	-0.1018	-4.014	-2.327	5.921	5.471	5.395	1.850	-2.543	0.806	0.261	-0.612	-1.345	-3.649	-2.080	-2.412	-3.826	-4.080	-4.708	0.4634	0.5423	209.9	0	-5.858	-0.113	3.1052086353	8
	0.003000	10.0414	0.8853974938	0.6776	3.5162	3.5469	-0.1076	-4.021	-2.337	5.909	5.462	5.383	1.838	-2.553	0.794	0.248	-0.626	-1.359	-3.659	-2.093	-2.425	-3.836	-4.089	-4.716	0.4634	0.5426	212.5	0	-5.793	-0.113	3.1052088737	8
	0.003000	10.0414	0.8853977323	0.6720	3.5190	3.5470	-0.1135	-4.027	-2.348	5.898	5.452	5.371	1.827	-2.563	0.782	0.234	-0.639	-1.373	-3.669	-2.106	-2.438	-3.847	-4.099	-4.724	0.4634	0.5429	215.2	0	-5.727	-0.114	3.1052088737	8
	0.003000	10.0414	0.8853979707	0.6664	3.5218	3.5472	-0.1194	-4.034	-2.358	5.887	5.442	5.358	1.815	-2.574	0.770	0.221	-0.653	-1.386	-3.678	-2.120	-2.451	-3.857	-4.108	-4.732	0.4634	0.5432	217.9	0	-5.660	-0.114	3.1052088737	8
	0.003000	10.0414	0.8853982091	0.6608	3.5246	3.5473	-0.1253	-4.041	-2.368	5.876	5.432	5.346	1.803	-2.584	0.758	0.207	-0.667	-1.400	-3.688	-2.133	-2.464	-3.867	-4.118	-4.740	0.4634	0.5435	220.7	0	-5.594	-0.114	3.1052091122	8
	0.003000	10.0414	0.8853984475	0.6553	3.5273	3.5474	-0.1313	-4.048	-2.379	5.864	5.422	5.334	1.791	-2.595	0.745	0.193	-0.681	-1.414	-3.698	-2.146	-2.477	-3.878	-4.127	-4.748	0.4634	0.5438	223.5	0	-5.527	-0.114	3.1052091122	8
	0.003000	10.0414	0.8853985667	0.6513	3.5268	3.5496	-0.1245	-4.047	-2.434	5.797	5.378	5.257	1.723	-2.650	0.665	0.087	-0.794	-1.529	-3.745	-2.247	-2.577	-3.933	-4.167	-4.763	0.4634	0.5439	220.1	0	-5.560	-0.114	3.1052091122	8
	0.003000	10.0414	0.8853986859	0.6474	3.5263	3.5519	-0.1177	-4.046	-2.477	5.753	5.354	5.262	1.718	-2.692	0.625	0.019	-0.874	-1.613	-3.778	-2.323	-2.652	-3.965	-4.191	-4.768	0.4634	0.5441	216.7	0	-5.593	-0.114	3.1052091122	8
	0.003000	10.0414	0.8853988051	0.6434	3.5258	3.5541	-0.1109	-4.045	-2.517	5.714	5.334	5.283	1.725	-2.732	0.592	-0.042	-0.948	-1.692	-3.809	-2.393	-2.722	-3.992	-4.211	-4.771	0.4634	0.5442	213.3	0	-5.626	-0.115	3.1052093506	8
	0.003000	10.0414	0.8853989244	0.6395	3.5253	3.5564	-0.1041	-4.043	-2.557	5.674	5.313	5.303	1.731	-2.772	0.560	-0.102	-1.022	-1.771	-3.840	-2.464	-2.792	-4.020	-4.231	-4.774	0.4634	0.5444	210.0	0	-5.659	-0.115	3.1052093506	8
	0.003000	10.0414	0.8853990436	0.6355	3.5248	3.5586	-0.0973	-4.042	-2.597	5.635	5.293	5.323	1.738	-2.812	0.527	-0.163	-1.097	-1.851	-3.871	-2.534	-2.862	-4.047	-4.251	-4.777	0.4634	0.5445	206.8	0	-5.692	-0.115	3.1052093506	8
	0.003000	10.0414	0.8853991628	0.6316	3.5243	3.5608	-0.0906	-4.041	-2.638	5.595	5.272	5.343	1.744	-2.852	0.494	-0.224	-1.171	-1.930	-3.901	-2.605	-2.932	-4.075	-4.271	-4.781	0.4634	0.5446	203.6	0	-5.724	-0.115	3.1052093506	8
	0.003000	10.0414	0.8853993416	0.6276	3.5238	3.5631	-0.0839	-4.040	-2.678	5.555	5.252	5.363	1.750	-2.892	0.461	-0.285	-1.245	-2.009	-3.932	-2.676	-3.002	-4.102	-4.291	-4.784	0.4634	0.5448	200.5	0	-5.756	-0.115	3.1052093506	8
	0.003000	10.0414	0.8853994608	0.6237	3.5233	3.5653	-0.0772	-4.038	-2.719	5.515	5.231	5.383	1.756	-2.932	0.428	-0.346	-1.319	-2.088	-3.963	-2.746	-3.072	-4.130	-4.312	-4.787	0.4634	0.5449	197.4	0	-5.788	-0.115	3.1052095890	8
	0.003000	10.0414	0.8853995800	0.6197	3.5228	3.5675	-0.0705	-4.037	-2.759	5.476	5.211	5.402	1.761	-2.972	0.395	-0.408	-1.394	-2.168	-3.994	-2.817	-3.143	-4.158	-4.332	-4.790	0.4634	0.5451	194.4	0	-5.820	-0.115	3.1052095890	8
	0.003000	10.0414	0.8853996992	0.6158	3.5223	3.5698	-0.0638	-4.036	-2.799	5.436	5.190	5.421	1.767	-3.012	0.362	-0.469	-1.468	-2.247	-4.025	-2.888	-3.213	-4.185	-4.352	-4.793	0.4634	0.5452	191.4	0	-5.851	-0.115	3.1052095890	8
	0.003000	10.0414	0.8853998184	0.6118	3.5218	3.5720	-0.0572	-4.035	-2.840	5.396	5.169	5.441	1.772	-3.052	0.328	-0.531	-1.542	-2.326	-4.056	-2.959	-3.283	-4.213	-4.373	-4.797	0.4634	0.5453	188.5	0	-5.882	-0.115	3.1052095890	8
	0.003000	10.0414	0.8853999376	0.6079	3.5213	3.5742	-0.0506	-4.033	-2.881	5.356	5.148	5.460	1.777	-3.093	0.295	-0.592	-1.617	-2.406	-4.087	-3.030	-3.354	-4.241	-4.393	-4.800	0.4634	0.5455	185.7	0	-5.913	-0.115	3.1052095890	8
	0.003000	10.0414	0.8854000568	0.6039	3.5208	3.5765	-0.0440	-4.032	-2.906	5.321	5.134	5.446	1.740	-3.118	0.255	-0.639	-1.666	-2.453	-4.106	-3.070	-3.392	-4.258	-4.406	-4.803	0.4634	0.5456	182.9	0	-5.944	-0.115	3.1052095890	8
	0.003000	10.0414	0.8854001760	0.6000	3.5203	3.5787	-0.0374	-4.031	-2.923	5.290	5.123	5.414	1.681	-3.135	0.212	-0.677	-1.702	-2.483	-4.118	-3.095	-3.414	-4.269	-4.415	-4.807	0.4634	0.5458	180.1	0	-5.974	-0.115	3.1052098274	8
	0.003000	10.0414	0.8854002953	0.5960	3.5198	3.5809	-0.0308	-4.030	-2.941	5.258	5.112	5.383	1.621	-3.152	0.170	-0.716	-1.739	-2.514	-4.130	-3.119	-3.436	-4.280	-4.424	-4.810	0.4634	0.5459	177.4	0	-6.004	-0.115	3.1052098274	8
	0.003000	10.0414	0.8854004145	0.5921	3.5193	3.5832	-0.0242	-4.028	-2.958	5.227	5.101	5.352	1.562	-3.169	0.127	-0.754	-1.775	-2.544	-4.142	-3.143	-3.458	-4.291	-4.432	-4.813	0.4634	0.5460	174.8	0	-6.034	-0.115	3.1052098274	8
	0.003000	10.0414	0.8854005337	0.5881	3.5188	3.5854	-0.0177	-4.027	-2.975	5.195	5.090	5.321	1.503	-3.186	0.084	-0.793	-1.811	-2.574	-4.154	-3.168	-3.480	-4.303	-4.441	-4.817	0.4634	0.5462	172.1	0	-6.064	-0.115	3.1052098274	8
	0.003000	10.0414	0.8854006529	0.5842	3.5183	3.5876	-0.0112	-4.026	-2.993	5.164	5.079	5.290	1.444	-3.204	0.041	-0.832	-1.847	-2.605	-4.167	-3.192	-3.502	-4.314	-4.450	-4.820	0.4634	0.5463	169.6	0	-6.093	-0.115	3.1052098274	8
	0.003000	10.0414	0.8854007721	0.5802	3.5178	3.5899	-0.0047	-4.025	-3.010	5.132	5.068	5.259	1.384	-3.221	-0.002	-0.870	-1.883	-2.635	-4.179	-3.216	-3.524	-4.325	-4.459	-4.823	0.4634	0.5465	167.1	0	-6.122	-0.115	3.1052100658	8
	0.003000	10.0414	0.8854009509	0.5763	3.5173	3.5921	0.0018	-4.023	-3.028	5.101	5.057	5.227	1.324	-3.238	-0.045	-0.909	-1.919	-2.665	-4.191	-3.241	-3.546	-4.336	-4.468	-4.827	0.4634	0.5466	164.6	0	-6.151	-0.115	3.1052100658	8
	0.003000	10.0414	0.8854010701	0.5723	3.5168	3.5943	0.0082	-4.022	-3.045	5.067	5.045	5.192	1.260	-3.255	-0.091	-0.950	-1.957	-2.696	-4.203	-3.265	-3.568	-4.347	-4.477	-4.830	0.4634	0.5467	162.1	0	-6.180	-0.115	3.1052100658	8
	0.003000	10.0414	0.8854011893	0.5684	3.5163	3.5966	0.0147	-4.021	-3.063	5.034	5.034	5.158	1.196	-3.273	-0.137	-0.991	-1.994	-2.727	-4.215	-3.290	-3.590	-4.358	-4.486	-4.833	0.4634	0.5469	159.8	0	-6.208	-0.115	3.1052100658	8
	0.003000	10.0414	0.8854013085	0.5645	3.5158	3.5988	0.0211	-4.019	-3.080	5.001	5.022	5.123	1.132	-3.290	-0.182	-1.032	-2.031	-2.758	-4.227	-3.314	-3.612	-4.369	-4.494	-4.836	0.4634	0.5470	157.4	0	-6.236	-0.115	3.1052100658	8
	0.003000	10.0414	0.8854014277	0.5605	3.5153	3.6010	0.0275	-4.018	-3.096	4.967	5.005	5.051	1.061	-3.305	-0.230	-1.072	-2.064	-2.785	-4.237	-3.335	-3.631	-4.378	-4.502	-4.839	0.4634	0.5472	155.1	0	-6.263	-0.115	3.1052103043	8
	0.003000	10.0414	0.8854015470	0.5566	3.5148	3.6033	0.0338	-4.017	-3.109	4.932	4.980	4.940	0.984	-3.318	-0.279	-1.110	-2.093	-2.807	-4.246	-3.352	-3.646	-4.386	-4.508	-4.841	0.4634	0.5473	152.8	0	-6.291	-0.115	3.1052103043	8
	0.003000	10.0414	0.8854016662	0.5526	3.5143	3.6055	0.0402	-4.016	-3.122	4.898	4.955	4.827	0.907	-3.331	-0.328	-1.149	-2.122	-2.829	-4.254	-3.369	-3.660	-4.394	-4.514	-4.843	0.4634	0.5475	150.6	0	-6.318	-0.115	3.1052103043	8
